80
0 4
0 8
0 14
0 25
0 28
0 37
0 43
0 47
0 54
0 59
0 74
1 19
1 23
1 31
1 35
1 58
1 66
2 57
2 68
2 73
2 79
3 13
3 17
3 48
3 54
3 56
3 64
3 70
3 78
4 20
4 37
4 42
4 48
4 64
4 68
4 71
4 73
5 14
5 30
5 47
5 48
5 62
5 67
6 19
6 42
6 53
6 76
7 44
7 45
7 59
8 63
9 60
9 74
9 76
10 13
10 34
10 40
10 53
11 16
11 23
11 32
11 44
12 15
12 17
12 19
12 74
15 25
15 32
15 38
16 30
16 31
16 66
17 24
17 40
17 54
18 49
18 69
19 26
19 45
19 47
19 53
19 61
19 72
19 74
20 73
21 26
21 27
21 68
21 73
22 24
22 39
22 45
22 51
22 64
24 30
24 39
24 40
24 62
25 67
25 70
26 51
26 53
27 54
27 71
27 79
28 32
28 46
28 55
28 75
29 31
29 48
29 59
29 68
31 39
31 53
31 75
32 58
32 59
33 76
34 51
34 67
35 72
36 72
37 41
38 73
39 41
39 46
39 58
40 55
41 60
41 70
43 45
44 60
44 73
44 79
45 56
49 65
49 72
50 53
50 62
50 78
51 52
51 53
51 58
51 63
51 75
54 59
54 60
55 65
57 61
58 66
58 78
59 77
61 75
61 77
62 73
66 68
66 76
68 78
69 73
