80
0 42
1 6
1 46
1 58
1 70
2 42
2 61
3 6
3 10
3 30
3 45
3 49
3 50
3 70
5 6
5 18
5 72
6 12
6 40
6 41
6 53
6 71
7 8
7 26
7 31
7 43
7 67
8 24
8 27
8 49
8 69
8 71
9 17
9 21
9 37
9 75
10 57
10 73
11 52
12 25
12 34
12 61
12 64
13 47
13 71
14 26
14 59
14 64
14 65
14 68
14 75
15 28
15 37
15 44
15 60
15 73
15 76
16 29
16 43
16 47
16 52
16 56
16 61
16 75
17 61
17 78
18 37
19 40
19 51
19 60
20 31
20 37
20 64
21 50
22 34
23 67
24 34
24 39
24 48
24 56
24 58
25 43
25 67
26 69
27 34
27 46
27 54
27 67
27 70
27 76
28 30
28 48
29 37
31 56
31 62
31 71
33 46
33 50
33 57
33 67
33 69
34 58
35 38
35 39
35 53
35 68
35 79
37 43
37 79
38 50
38 57
39 55
39 74
40 41
41 47
41 65
41 66
41 72
41 75
42 58
43 48
43 49
43 56
43 70
44 51
44 66
46 49
46 52
47 52
48 63
49 60
50 56
50 60
50 67
50 69
50 71
51 74
52 58
52 62
52 64
53 59
53 64
53 71
55 64
55 69
56 75
56 79
60 62
60 63
60 72
61 77
63 75
63 78
65 70
66 76
67 77
69 72
72 75
72 76
77 78
