80
1 26
1 36
1 63
1 67
2 9
2 19
2 28
2 34
2 45
2 62
2 71
2 76
3 16
3 25
3 27
3 38
4 42
4 75
5 13
5 26
5 31
5 33
5 34
5 40
5 43
5 44
5 55
5 59
5 70
6 23
6 30
6 32
6 42
6 61
7 16
7 17
8 18
8 35
8 54
8 72
9 12
9 28
9 56
10 16
10 17
10 27
10 28
11 17
11 42
11 79
12 36
12 44
12 51
12 66
12 67
13 64
14 19
14 60
15 46
15 52
15 56
15 67
15 74
16 20
16 30
17 56
18 23
18 29
18 70
18 71
19 24
19 27
19 37
19 59
19 65
19 66
19 69
20 50
20 51
20 66
20 67
20 72
21 50
21 60
22 32
23 25
23 35
23 47
23 65
24 51
26 30
26 60
26 64
26 78
27 35
28 35
28 43
28 57
28 74
29 42
30 58
30 70
30 77
31 70
32 42
33 38
33 41
33 46
33 47
34 41
34 49
35 51
36 45
36 62
36 63
37 40
37 55
37 75
38 55
40 43
40 44
40 61
41 61
42 56
42 57
44 53
45 58
45 74
46 54
46 73
46 74
47 75
48 64
48 76
48 79
49 52
49 68
49 73
49 76
50 71
50 77
51 56
51 59
52 73
52 79
54 76
55 71
56 71
56 76
57 65
57 70
57 72
61 77
63 64
63 65
63 79
64 76
68 77
74 75
74 76
