80
0 29
0 48
0 68
1 18
1 21
1 35
1 47
1 53
1 75
2 14
2 46
2 50
2 69
2 71
3 49
3 66
4 21
4 35
4 58
4 74
5 8
5 37
5 49
5 56
5 62
6 20
6 64
6 72
7 17
7 21
7 50
7 52
7 57
7 67
7 70
7 76
8 49
9 31
10 23
10 61
10 75
11 17
11 19
11 40
11 55
11 61
11 77
13 23
13 31
13 49
13 53
14 37
14 39
15 60
15 66
16 22
16 48
17 30
17 51
17 67
18 31
18 33
18 35
18 61
18 71
19 35
19 62
19 63
19 79
21 27
21 65
21 78
22 29
22 30
22 57
22 58
23 44
24 40
24 42
24 44
24 46
24 75
25 40
25 57
26 47
26 51
26 62
26 76
27 45
27 55
28 42
28 43
28 49
28 59
28 65
29 55
29 67
30 49
30 60
31 38
31 74
32 38
32 42
32 63
33 38
33 58
34 70
35 42
35 51
35 74
35 75
37 64
37 70
37 77
38 53
38 57
38 73
38 77
39 61
40 45
40 46
40 64
40 78
41 69
41 75
41 79
42 45
42 50
42 56
42 76
43 45
43 48
43 55
43 61
43 73
44 62
44 73
45 46
45 79
46 57
46 63
49 54
51 52
51 69
52 55
52 57
52 67
53 62
54 58
54 69
54 78
58 60
59 68
64 67
70 74
71 76
72 77
72 79
73 78
76 79
