80
0 9
0 18
0 21
0 42
1 9
1 14
1 77
2 23
2 26
2 29
3 17
3 38
3 42
3 51
4 7
4 36
4 53
5 34
5 52
5 59
5 71
6 11
7 27
7 68
8 9
8 19
8 20
8 23
8 47
8 51
9 71
10 19
10 23
10 65
11 19
11 37
11 70
11 77
12 19
12 46
12 60
12 61
13 34
13 37
13 48
13 53
13 55
13 65
13 69
14 28
14 41
14 44
14 50
14 59
14 64
15 37
15 71
16 26
16 56
17 37
17 63
18 33
18 45
18 51
19 37
19 49
19 55
21 35
21 39
21 49
21 54
21 68
23 77
24 43
24 48
24 50
25 33
25 40
25 48
25 60
26 44
27 33
27 49
28 48
28 57
28 77
29 35
29 66
31 37
31 39
31 42
31 53
31 71
31 74
31 78
31 79
32 49
32 50
32 65
32 73
33 44
33 49
33 54
33 61
33 70
33 74
34 57
34 58
34 60
36 49
36 55
37 40
37 74
38 49
38 53
38 70
39 75
40 75
41 44
41 57
41 63
42 44
42 67
42 74
42 79
43 66
43 75
43 76
43 79
44 45
44 46
45 55
46 56
47 74
48 49
48 54
49 53
49 62
49 73
51 54
51 64
51 66
51 67
52 59
54 56
55 76
55 77
56 63
57 77
59 71
59 72
60 63
60 69
61 77
62 75
64 70
65 70
69 70
69 73
78 79
