80
0 26
0 49
0 63
0 74
1 8
1 28
1 52
1 55
1 67
1 70
1 79
2 6
2 25
2 29
2 43
2 46
2 53
3 46
3 56
4 9
4 53
5 25
5 39
5 44
5 47
5 70
5 72
6 44
6 50
6 79
7 9
7 34
7 36
7 59
8 43
8 48
9 17
9 25
9 26
9 66
10 44
10 68
10 70
11 68
12 14
12 78
13 14
13 39
13 50
13 55
13 67
13 78
14 38
14 47
14 59
15 50
15 52
15 56
15 65
16 53
16 58
16 59
16 66
17 27
17 39
18 54
18 56
18 61
18 62
19 54
19 58
19 63
19 72
20 34
20 38
20 64
21 24
21 42
21 55
22 30
22 31
22 35
22 74
23 26
23 33
23 52
23 53
23 68
24 34
24 52
24 62
25 37
26 54
27 65
28 33
28 66
29 36
29 43
29 52
29 53
30 36
30 47
30 66
31 70
32 49
32 79
33 35
34 35
35 50
35 52
35 55
35 72
36 62
36 64
37 57
37 78
40 42
40 71
41 43
41 56
41 68
41 76
42 56
43 50
43 56
43 71
43 77
44 53
44 56
44 65
44 73
45 74
45 77
45 78
46 73
47 54
48 52
48 58
50 51
50 75
52 69
53 58
53 69
53 75
54 61
55 79
56 57
56 78
57 69
57 73
58 61
58 75
58 76
60 61
60 69
63 69
63 74
63 75
63 78
67 75
