80
0 10
0 15
0 17
0 26
0 31
0 49
1 29
1 53
1 75
2 9
2 49
2 55
3 13
3 15
3 43
3 63
4 9
4 27
4 40
4 45
4 49
4 73
4 79
5 45
5 58
5 79
6 17
6 39
7 15
7 33
7 50
7 67
8 17
8 24
8 52
9 14
9 67
9 70
11 25
11 29
11 49
11 50
11 58
11 60
12 60
13 18
13 25
13 37
13 72
14 31
14 78
15 48
15 61
15 63
15 71
16 68
17 24
17 39
17 43
17 54
17 67
17 72
17 78
18 44
18 46
18 55
18 67
18 71
18 77
19 21
20 29
20 30
20 38
20 54
21 26
21 32
21 50
22 33
22 34
22 46
22 74
23 79
24 27
24 55
25 41
25 78
26 57
26 71
27 55
27 60
27 69
28 33
28 37
28 38
28 41
28 62
28 65
29 34
29 54
29 58
30 34
30 43
30 55
31 48
31 62
32 59
32 60
32 76
33 60
33 74
34 41
34 42
34 47
34 56
34 66
35 36
35 45
37 39
37 46
37 48
37 61
38 53
38 64
40 44
41 55
41 60
42 72
43 74
44 78
46 57
46 58
46 66
47 55
48 58
49 54
50 60
50 64
51 60
51 73
51 78
52 58
53 56
53 58
53 77
55 57
55 61
55 62
55 71
56 72
58 78
60 63
60 67
63 75
64 66
67 76
67 78
67 79
68 75
69 77
70 73
