80
0 37
0 58
0 65
1 5
1 13
1 60
2 69
3 10
3 18
3 30
3 57
3 59
3 65
4 10
4 11
4 14
4 19
5 26
5 37
5 40
5 45
5 49
5 53
6 47
6 67
7 10
7 13
7 52
7 76
7 77
8 12
8 32
9 29
9 52
9 53
9 77
10 13
11 41
11 46
11 71
11 77
11 79
12 23
12 62
12 74
12 76
13 15
13 28
13 29
13 37
13 50
14 40
14 56
15 41
15 62
15 69
15 76
15 77
15 79
16 24
16 58
16 59
17 20
17 29
17 65
17 77
18 22
18 33
19 20
19 37
19 54
20 22
20 33
20 61
21 32
21 48
21 61
21 66
22 29
22 42
22 53
22 68
23 55
24 47
24 69
25 50
25 62
26 79
27 62
27 71
28 57
28 69
29 35
29 64
30 78
31 53
31 57
32 38
32 48
32 66
34 38
34 67
34 71
35 59
35 75
36 58
36 60
36 68
37 50
37 51
38 73
39 49
39 72
39 75
40 54
40 55
40 59
40 68
41 43
41 49
41 51
41 55
41 61
42 48
43 44
43 50
43 53
44 52
44 59
44 68
45 52
46 54
46 55
46 61
46 77
47 61
47 69
47 74
48 72
51 55
51 64
52 62
52 65
53 65
53 73
54 74
55 58
55 68
55 77
56 71
58 78
59 70
60 72
62 76
64 73
66 76
67 73
69 71
69 75
73 77
