80
0 36
0 71
1 19
1 32
2 19
2 23
2 25
2 31
2 33
2 53
2 71
2 78
3 4
3 44
3 59
3 72
4 10
4 30
4 35
4 67
4 76
5 20
6 7
6 11
6 18
6 37
6 40
6 44
6 46
6 51
6 70
7 32
7 40
7 42
7 45
7 70
8 22
8 32
8 33
8 61
9 13
9 41
10 19
10 50
10 78
11 25
11 49
11 61
11 66
11 69
11 76
12 23
12 35
12 60
13 27
13 31
13 59
14 22
14 60
15 23
15 34
15 35
15 40
16 19
16 49
16 57
16 58
17 26
17 38
17 39
17 44
17 47
18 78
19 28
19 43
19 65
21 50
22 52
22 56
23 67
24 29
24 42
24 63
25 32
25 46
25 51
25 70
26 31
26 47
26 57
26 62
27 31
27 36
27 66
28 31
28 39
28 42
28 48
29 57
30 43
30 66
32 45
32 49
33 53
33 58
33 75
35 61
36 38
36 53
36 68
36 76
37 38
37 54
37 59
37 71
37 77
38 56
38 62
38 74
38 75
38 79
39 48
39 69
39 74
39 75
40 54
40 62
40 64
40 72
41 63
42 51
43 53
43 75
46 52
46 56
49 59
49 64
49 67
49 77
50 69
50 72
50 78
53 65
53 71
54 63
54 74
55 74
58 61
58 66
58 67
58 77
58 78
59 64
60 71
63 66
64 73
66 77
67 71
73 76
75 76
