80
0 11
0 12
0 30
0 41
0 73
1 12
1 44
1 51
2 16
2 21
2 57
3 5
3 7
3 40
3 43
3 70
3 75
4 11
4 22
4 24
4 46
4 47
4 48
4 59
4 78
5 12
5 29
5 53
5 74
6 10
6 31
6 32
6 36
6 52
7 16
7 44
7 67
7 72
8 22
8 62
9 18
9 27
9 36
9 37
9 52
10 24
10 27
10 45
10 52
10 60
10 62
10 71
10 76
11 13
11 43
11 60
12 25
12 40
13 24
13 28
13 36
13 47
13 53
13 64
14 25
14 41
15 19
15 25
15 28
15 45
15 53
15 68
16 45
16 56
16 66
17 43
17 45
17 48
18 36
18 50
19 28
19 34
19 40
20 26
21 40
21 63
21 74
22 35
22 54
24 28
24 32
24 36
24 44
24 49
25 26
25 31
25 58
25 61
26 52
26 74
26 77
27 59
27 78
28 30
28 44
28 49
28 52
28 60
28 65
28 67
28 74
29 37
29 63
30 66
30 71
31 35
31 52
32 41
32 50
32 57
33 59
34 42
34 46
34 60
35 53
36 76
37 50
37 67
38 52
39 55
39 57
39 73
40 43
40 58
42 71
43 53
43 55
43 56
43 75
44 67
44 76
45 54
46 48
46 73
48 78
51 63
52 60
52 67
53 57
54 75
55 56
55 66
55 75
57 67
58 78
60 79
64 79
65 66
67 73
71 76
