60
0 48
0 56
0 58
1 10
1 15
1 31
1 48
2 5
2 13
2 20
2 27
2 35
3 30
3 58
4 22
4 53
5 6
5 11
5 29
5 31
5 34
5 37
5 38
5 52
6 15
6 26
6 34
6 39
6 57
7 10
7 19
7 23
7 57
8 40
8 45
8 50
9 32
9 54
10 18
10 32
10 49
11 25
11 32
11 41
11 48
12 34
12 37
12 50
13 20
13 31
13 39
13 59
14 15
14 43
14 44
14 46
15 21
15 52
16 33
16 44
16 49
16 54
16 55
17 28
17 40
17 49
18 40
18 41
18 49
19 31
19 42
21 23
21 27
21 29
21 30
21 41
22 33
22 34
22 52
22 59
23 28
23 32
24 37
24 55
26 29
26 56
26 58
27 28
27 39
28 38
29 45
29 51
29 55
30 45
31 33
31 56
31 58
32 46
32 47
33 52
34 37
35 50
37 46
37 49
37 52
37 57
38 42
38 46
38 49
40 50
43 44
43 45
44 50
46 55
46 59
47 49
48 51
50 53
51 56
52 55
