60
0 16
0 56
1 24
1 29
1 50
1 57
2 12
2 17
2 53
3 9
3 15
3 18
3 47
4 32
5 6
5 19
5 26
5 41
5 43
5 55
6 20
6 26
6 27
6 33
6 37
6 48
6 56
7 8
8 31
8 45
8 59
9 19
9 52
9 53
9 57
10 16
10 21
10 32
10 38
10 48
11 14
11 15
11 30
11 44
11 52
12 34
12 36
12 44
12 57
13 14
13 18
13 33
13 36
14 21
14 58
15 30
15 57
16 38
16 43
16 47
17 20
17 25
17 49
18 42
18 51
19 42
19 43
19 46
19 58
20 30
20 53
20 58
21 26
21 36
21 48
22 30
23 41
24 29
24 43
25 36
26 47
26 58
26 59
27 40
27 51
27 54
27 59
28 50
29 34
29 35
30 45
31 44
31 51
31 55
32 53
33 47
34 41
34 54
34 55
35 38
35 47
35 59
36 43
37 47
37 49
38 45
38 49
38 54
39 42
40 54
41 55
42 54
44 50
45 46
46 50
49 57
50 58
51 57
54 59
56 58
