60
0 22
0 53
1 17
1 43
1 51
2 4
2 16
2 18
2 22
2 29
2 45
3 24
3 38
3 41
3 58
4 7
4 10
4 34
4 47
5 51
6 32
6 46
7 22
7 36
7 38
7 45
7 49
8 33
8 36
8 43
9 11
9 24
10 35
10 48
11 20
11 26
11 35
11 50
11 56
13 32
13 49
13 57
14 33
14 43
14 46
15 26
15 30
15 44
16 20
16 26
16 52
17 18
17 19
17 40
18 19
19 41
19 48
19 53
19 58
20 30
20 32
20 53
21 45
22 49
22 59
23 39
24 26
24 27
24 35
24 55
24 57
25 39
25 47
25 53
26 43
26 50
26 56
27 53
27 58
27 59
28 34
28 53
29 34
29 57
30 44
30 57
30 58
31 49
32 49
32 58
33 46
33 51
34 43
34 44
34 50
35 52
35 58
35 59
36 45
37 48
38 39
38 50
38 56
39 46
39 47
39 50
40 52
40 53
41 44
42 50
44 54
45 59
46 59
47 50
47 55
47 56
48 55
49 50
50 58
53 55
