60
0 9
0 12
0 21
0 36
0 37
0 39
0 40
1 20
1 25
1 39
1 49
1 55
2 19
2 24
2 32
2 44
3 8
3 21
3 30
3 40
3 46
3 53
4 12
4 32
4 42
4 46
4 47
5 8
5 40
6 38
6 40
6 54
7 8
7 16
7 30
7 38
8 19
8 22
8 32
8 35
8 36
9 15
9 25
10 18
10 19
10 33
11 21
11 34
11 44
12 19
12 22
12 23
12 53
12 58
13 40
13 45
14 38
14 49
14 55
15 20
15 43
15 58
16 49
17 55
18 46
19 39
19 47
20 24
20 36
20 38
20 50
20 58
21 27
21 53
23 24
23 33
23 37
23 57
24 36
24 47
24 55
25 29
25 30
26 52
27 32
28 48
28 52
28 53
29 33
29 35
29 52
29 57
29 59
30 33
30 42
30 43
31 33
31 35
31 54
32 45
32 50
33 53
34 58
35 47
36 39
36 55
37 47
37 49
38 42
38 45
38 50
39 46
41 47
42 55
43 49
43 59
46 51
46 58
49 53
50 58
