60
0 20
0 25
0 29
0 31
0 55
1 7
1 25
1 27
1 46
1 48
2 32
2 44
2 53
2 59
3 27
3 30
3 41
3 44
4 12
4 14
4 21
4 34
4 36
4 43
5 23
5 37
5 56
6 26
6 34
6 42
6 56
7 36
8 9
8 15
8 23
8 29
8 43
8 51
9 31
9 42
9 43
9 45
9 46
10 12
10 26
11 38
11 53
12 15
12 25
12 44
12 59
13 17
13 46
14 16
14 33
14 51
14 53
15 19
15 23
15 26
16 33
16 38
16 45
16 55
16 59
17 58
18 46
19 25
19 26
19 43
19 48
19 49
19 51
20 40
21 46
21 54
22 25
22 44
23 49
23 51
24 52
24 58
25 38
25 43
25 49
26 36
26 53
27 32
27 33
27 39
28 30
28 54
29 55
30 57
31 50
32 52
32 54
34 40
34 44
35 43
36 49
38 41
38 57
40 47
40 55
40 58
41 44
42 54
42 55
43 47
43 55
43 57
44 51
44 57
46 58
47 56
48 58
49 50
49 52
50 55
