60
0 33
0 37
1 9
1 16
1 28
1 52
1 56
1 57
2 3
2 4
2 25
2 30
2 47
3 9
3 24
3 36
4 7
4 55
4 58
5 19
5 32
5 39
6 55
7 23
7 30
7 53
7 56
8 19
9 20
9 29
9 36
9 37
9 39
9 50
10 30
10 38
10 52
11 15
11 50
12 15
12 25
12 36
12 38
13 19
13 54
13 58
14 35
14 37
14 39
15 37
15 40
16 48
16 50
17 18
17 30
17 36
17 57
17 58
19 21
19 37
19 40
19 48
20 40
21 24
21 25
21 45
23 39
23 42
23 45
23 54
24 37
24 41
24 54
25 44
26 29
26 49
26 56
26 57
27 31
27 38
27 54
27 57
28 50
28 51
29 30
29 31
29 33
29 41
29 44
29 46
29 47
29 50
30 32
30 52
32 42
32 52
33 37
34 37
34 42
35 36
36 38
36 50
36 55
37 51
38 49
39 44
41 45
41 52
42 54
42 59
44 50
44 58
48 49
49 59
50 57
51 55
51 56
53 58
55 56
57 59
