60
0 14
0 32
0 48
0 49
1 2
1 20
1 57
2 7
2 26
2 33
2 57
3 24
3 31
3 59
4 15
4 23
4 25
4 59
5 14
5 15
5 19
5 20
5 21
5 54
5 58
6 19
6 23
6 30
6 44
7 16
8 17
8 44
9 32
9 37
9 39
10 15
10 28
10 46
10 56
11 14
11 25
11 32
11 48
12 23
12 39
12 46
12 47
13 22
13 23
13 35
14 25
14 56
15 26
15 28
15 31
15 39
15 50
16 50
17 29
17 38
17 43
17 52
18 30
18 51
19 37
19 40
19 46
21 38
21 46
21 51
22 42
23 27
23 42
23 47
24 38
24 42
24 46
25 27
25 40
25 42
26 28
26 33
26 41
26 50
26 51
27 47
28 29
28 42
28 44
28 48
28 53
31 42
31 57
32 33
32 53
32 55
33 40
34 38
35 52
35 53
36 46
37 43
38 41
38 43
38 50
38 57
39 49
40 48
40 56
43 53
46 49
46 50
46 52
48 56
50 55
53 58
55 56
56 57
56 58
56 59
