60
0 1
0 19
0 22
0 36
0 37
1 6
1 26
1 36
1 41
2 12
2 16
2 27
2 29
2 31
2 43
2 59
3 7
3 8
3 11
3 26
3 31
3 49
4 28
4 38
4 46
4 50
4 52
5 45
6 24
6 32
7 20
7 22
7 31
7 36
7 50
8 11
8 26
9 17
9 33
9 54
10 26
10 30
11 16
11 29
11 38
12 24
12 25
12 36
12 42
12 48
13 30
13 34
13 36
13 57
14 23
14 28
14 41
15 24
15 30
16 23
16 41
17 38
17 43
18 21
18 26
18 44
18 50
19 22
19 35
19 53
20 50
20 56
21 42
21 46
21 59
22 48
23 50
23 58
23 59
24 26
24 51
25 38
25 59
26 28
28 30
28 33
29 31
29 40
29 42
29 53
30 50
30 53
31 34
31 42
31 59
32 38
33 36
33 43
34 59
36 47
37 52
39 50
39 51
39 57
39 59
40 42
40 52
41 52
42 46
42 51
45 48
46 52
46 57
47 53
48 51
48 55
49 57
49 58
51 53
55 59
