60
0 1
0 12
0 22
0 23
0 35
0 52
1 12
1 15
1 56
1 57
2 4
2 7
2 13
2 35
3 14
3 22
3 34
3 56
4 14
4 26
4 51
5 22
5 29
5 38
6 8
6 13
6 14
6 18
6 28
6 59
7 8
7 40
7 41
8 49
9 13
9 17
9 20
10 26
10 36
11 15
11 31
11 33
11 36
11 41
11 42
12 20
12 30
12 35
13 15
13 19
13 29
13 33
13 45
13 59
14 19
15 43
15 48
15 57
16 42
16 54
17 23
17 44
17 48
17 51
17 54
18 22
18 27
18 42
18 47
18 48
18 50
19 27
20 22
20 57
21 39
22 52
23 35
23 39
23 45
24 32
24 39
24 40
24 48
24 57
25 50
26 44
26 45
27 28
27 39
28 34
28 37
28 38
29 38
30 39
30 57
33 34
33 40
33 59
34 59
36 46
36 48
36 49
36 53
37 54
38 50
38 59
39 51
40 43
40 51
42 46
42 53
43 46
43 51
44 47
45 59
46 58
47 55
54 55
56 59
57 58
