60
0 21
0 42
0 46
1 8
1 15
1 35
1 38
1 58
2 35
2 36
2 44
2 47
2 48
3 20
3 22
3 45
3 51
3 56
4 19
4 25
4 31
4 36
4 41
4 50
5 13
5 14
5 19
5 37
7 14
7 26
7 39
7 50
7 58
8 23
8 55
11 43
11 45
12 24
12 29
12 39
12 54
12 57
13 33
13 36
13 44
15 19
15 33
15 39
15 46
16 27
16 32
16 36
16 41
16 57
18 22
18 29
18 30
18 40
18 49
18 51
19 34
19 47
20 22
20 34
20 36
20 42
20 57
21 25
21 33
21 35
21 59
22 30
22 57
23 25
23 36
23 43
23 53
24 48
25 35
25 38
25 39
25 48
27 28
28 58
29 40
29 47
29 50
30 31
30 35
31 33
31 41
31 49
32 39
33 40
34 37
34 40
35 40
36 37
36 41
36 58
37 39
37 43
37 56
38 47
39 52
39 54
41 47
42 44
42 52
43 56
45 59
46 56
47 49
48 50
48 51
48 53
51 53
51 55
53 59
54 59
