40
0 1
0 2
0 3
0 4
0 6
0 7
0 8
0 10
0 11
0 15
0 17
0 18
0 19
0 20
0 21
0 22
0 23
0 25
0 29
0 30
0 32
0 38
1 3
1 5
1 6
1 7
1 8
1 13
1 15
1 17
1 18
1 19
1 24
1 27
1 29
1 30
1 31
1 32
1 34
2 3
2 7
2 8
2 14
2 16
2 17
2 18
2 20
2 21
2 22
2 24
2 25
2 28
2 29
2 31
2 34
2 39
3 4
3 6
3 7
3 9
3 10
3 14
3 15
3 20
3 28
3 29
3 30
3 31
3 32
3 33
3 35
3 37
3 38
4 5
4 6
4 7
4 9
4 10
4 11
4 12
4 13
4 15
4 18
4 20
4 21
4 24
4 25
4 26
4 27
4 29
4 30
4 31
4 32
4 34
4 35
4 39
5 6
5 7
5 8
5 10
5 11
5 14
5 16
5 18
5 19
5 23
5 24
5 26
5 28
5 32
5 33
5 35
5 36
5 37
5 38
6 7
6 11
6 14
6 16
6 21
6 24
6 25
6 26
6 29
6 30
6 32
6 35
7 8
7 9
7 10
7 13
7 15
7 17
7 18
7 21
7 22
7 23
7 26
7 30
7 31
7 34
7 36
7 37
7 38
7 39
8 9
8 10
8 11
8 13
8 14
8 15
8 16
8 17
8 19
8 22
8 23
8 26
8 29
8 32
8 34
8 35
8 37
8 39
9 10
9 11
9 12
9 13
9 14
9 15
9 17
9 18
9 20
9 23
9 25
9 29
9 30
9 31
9 33
9 34
9 37
9 38
9 39
10 11
10 17
10 18
10 22
10 28
10 30
10 33
10 35
10 36
10 38
11 12
11 14
11 17
11 20
11 22
11 23
11 28
11 29
11 30
11 31
11 33
11 34
11 35
11 36
11 38
12 15
12 16
12 18
12 19
12 20
12 21
12 23
12 28
12 32
12 34
12 39
13 16
13 17
13 18
13 22
13 23
13 25
13 27
13 30
13 33
13 34
13 36
13 37
14 15
14 17
14 18
14 20
14 23
14 25
14 28
14 29
14 30
14 31
14 33
14 34
14 36
14 38
14 39
15 16
15 17
15 20
15 22
15 23
15 28
15 29
15 30
15 33
15 34
15 39
16 19
16 21
16 22
16 23
16 24
16 25
16 28
16 29
16 36
16 37
16 38
16 39
17 18
17 21
17 22
17 23
17 24
17 25
17 27
17 29
17 30
17 33
17 34
17 36
17 39
18 21
18 22
18 23
18 24
18 26
18 29
18 31
18 32
18 34
18 35
18 36
18 39
19 21
19 22
19 23
19 24
19 25
19 28
19 30
19 31
19 32
19 35
19 37
19 38
20 21
20 23
20 24
20 26
20 27
20 28
20 31
20 33
20 35
20 36
20 37
20 39
21 22
21 23
21 26
21 33
21 39
22 24
22 26
22 27
22 28
22 31
22 32
22 35
22 36
22 37
22 39
23 26
23 28
23 29
23 30
23 34
23 35
23 37
23 38
24 26
24 27
24 28
24 29
24 31
24 35
24 36
24 37
24 38
24 39
25 26
25 31
25 35
25 36
25 37
26 28
26 29
26 31
26 33
26 34
26 35
26 36
26 38
26 39
27 31
27 33
27 36
27 37
27 39
28 31
28 35
28 38
29 31
29 33
29 38
30 31
30 32
30 33
30 36
30 37
30 38
30 39
31 32
31 33
31 35
31 38
32 36
32 37
33 34
33 35
33 37
33 38
34 36
34 37
35 36
35 37
35 39
36 37
37 39
38 39
