40
0 4
0 5
0 6
0 7
0 8
0 9
0 12
0 13
0 16
0 17
0 18
0 19
0 24
0 25
0 26
0 27
0 28
0 30
0 32
0 33
0 34
0 37
0 39
1 2
1 5
1 8
1 9
1 10
1 12
1 14
1 16
1 17
1 19
1 21
1 27
1 36
1 38
1 39
2 3
2 4
2 7
2 9
2 10
2 12
2 14
2 17
2 19
2 21
2 24
2 25
2 27
2 28
2 30
2 31
2 35
2 37
3 4
3 7
3 10
3 11
3 14
3 18
3 20
3 21
3 22
3 25
3 29
3 34
3 36
3 37
3 38
4 5
4 7
4 8
4 9
4 10
4 12
4 13
4 15
4 16
4 17
4 19
4 25
4 26
4 28
4 30
4 33
4 36
4 37
4 39
5 6
5 7
5 8
5 15
5 17
5 18
5 19
5 20
5 22
5 23
5 24
5 26
5 28
5 29
5 32
5 34
5 36
5 37
5 38
5 39
6 9
6 10
6 11
6 12
6 13
6 15
6 18
6 19
6 21
6 22
6 27
6 28
6 29
6 30
6 32
6 33
6 35
6 36
6 37
6 38
6 39
7 8
7 9
7 16
7 17
7 22
7 23
7 24
7 25
7 26
7 31
7 33
7 35
7 37
7 38
7 39
8 9
8 11
8 14
8 15
8 16
8 19
8 20
8 21
8 23
8 24
8 26
8 29
8 30
8 31
8 32
8 33
8 34
8 35
8 38
8 39
9 10
9 12
9 13
9 16
9 18
9 22
9 24
9 26
9 27
9 28
9 29
9 30
9 31
9 33
9 38
10 13
10 15
10 16
10 17
10 18
10 20
10 24
10 25
10 26
10 28
10 29
10 30
10 31
10 32
10 35
10 37
10 39
11 12
11 13
11 14
11 17
11 18
11 20
11 21
11 22
11 24
11 28
11 31
11 32
11 33
11 34
11 35
11 36
11 37
11 39
12 15
12 19
12 20
12 23
12 24
12 28
12 29
12 30
12 31
12 33
12 36
12 37
13 16
13 17
13 20
13 24
13 25
13 26
13 28
13 29
13 31
13 34
14 15
14 16
14 18
14 19
14 20
14 21
14 22
14 26
14 28
14 35
14 36
14 37
14 38
15 19
15 20
15 21
15 22
15 24
15 26
15 27
15 28
15 29
15 33
15 37
15 38
16 19
16 20
16 21
16 22
16 23
16 29
16 32
16 33
16 37
16 39
17 18
17 21
17 23
17 27
17 28
17 29
17 31
17 35
17 37
17 38
18 19
18 20
18 23
18 24
18 25
18 31
18 33
18 34
19 20
19 23
19 24
19 26
19 30
19 32
19 33
19 34
20 21
20 22
20 24
20 27
20 29
20 30
20 32
20 34
20 36
20 37
20 38
21 24
21 25
21 26
21 31
21 32
21 36
21 38
22 23
22 24
22 26
22 27
22 28
22 30
22 31
22 33
22 34
22 39
23 24
23 25
23 28
23 30
23 31
23 33
23 34
23 35
23 37
23 38
23 39
24 25
24 27
24 30
24 31
24 33
24 34
24 35
24 36
24 39
25 27
25 28
25 30
25 31
25 36
26 27
26 28
26 31
26 32
26 33
26 34
26 38
26 39
27 28
27 29
27 37
27 38
28 29
28 31
28 32
28 33
28 34
28 35
28 36
28 37
28 38
28 39
29 31
29 32
29 34
29 38
30 31
30 35
30 36
30 39
31 33
31 34
31 35
31 38
31 39
32 34
32 35
32 36
32 38
33 37
34 35
35 37
35 39
36 37
36 38
36 39
37 39
38 39
