40
0 2
0 6
0 7
0 10
0 13
0 14
0 17
0 18
0 19
0 22
0 23
0 25
0 26
0 27
0 29
0 31
0 32
0 34
0 35
0 36
0 37
0 39
1 2
1 8
1 10
1 11
1 12
1 14
1 15
1 16
1 22
1 25
1 26
1 28
1 29
1 30
1 33
1 35
1 39
2 3
2 5
2 6
2 8
2 14
2 15
2 16
2 17
2 18
2 19
2 21
2 23
2 24
2 25
2 28
2 29
2 30
2 33
2 34
2 36
2 37
2 39
3 4
3 5
3 6
3 8
3 9
3 12
3 19
3 24
3 25
3 26
3 31
3 33
3 34
3 38
3 39
4 6
4 7
4 9
4 10
4 11
4 12
4 13
4 15
4 19
4 22
4 25
4 26
4 28
4 30
4 31
4 32
4 36
4 37
5 11
5 12
5 15
5 16
5 21
5 22
5 26
5 27
5 28
5 29
5 31
5 33
5 34
5 35
5 38
6 9
6 10
6 11
6 13
6 15
6 19
6 20
6 22
6 23
6 24
6 28
6 30
6 31
6 32
6 36
6 37
6 38
6 39
7 8
7 9
7 12
7 14
7 17
7 18
7 23
7 24
7 25
7 26
7 27
7 31
7 35
7 38
7 39
8 9
8 11
8 12
8 13
8 14
8 15
8 16
8 18
8 21
8 22
8 23
8 24
8 28
8 29
8 30
8 31
8 32
8 33
8 35
8 36
8 38
8 39
9 11
9 12
9 14
9 15
9 17
9 19
9 21
9 22
9 24
9 26
9 27
9 29
9 32
9 34
9 36
9 37
9 39
10 11
10 14
10 15
10 17
10 19
10 20
10 21
10 29
10 30
10 31
10 34
10 36
10 39
11 13
11 14
11 16
11 18
11 19
11 20
11 21
11 24
11 26
11 28
11 29
11 32
11 33
11 34
11 36
11 37
11 38
11 39
12 14
12 15
12 16
12 17
12 18
12 19
12 21
12 22
12 23
12 25
12 26
12 27
12 32
12 33
12 39
13 15
13 18
13 23
13 25
13 27
13 28
13 29
13 30
13 31
13 32
13 33
13 37
13 38
13 39
14 18
14 19
14 21
14 24
14 26
14 28
14 39
15 16
15 17
15 20
15 23
15 24
15 25
15 26
15 27
15 28
15 29
15 30
15 31
15 32
15 34
15 37
15 38
16 18
16 19
16 22
16 24
16 25
16 26
16 27
16 29
16 34
16 39
17 24
17 25
17 26
17 27
17 28
17 30
17 31
17 35
17 37
17 39
18 24
18 27
18 28
18 29
18 30
18 33
18 35
19 20
19 21
19 26
19 28
19 29
19 32
19 33
19 34
19 36
19 37
19 38
19 39
20 22
20 23
20 24
20 25
20 28
20 31
20 32
20 34
20 35
20 36
20 38
20 39
21 22
21 23
21 28
21 29
21 31
21 34
21 35
21 36
21 37
22 23
22 25
22 26
22 27
22 28
22 31
22 35
22 36
22 38
23 29
23 30
23 33
23 35
23 36
24 28
24 29
24 30
24 31
24 35
25 28
25 31
25 32
25 35
25 38
25 39
26 27
26 28
26 30
26 31
26 32
26 33
26 34
26 36
26 37
26 38
26 39
27 29
27 30
27 32
27 34
27 37
28 30
28 32
28 33
28 34
28 37
28 38
28 39
29 30
29 31
29 32
29 33
29 34
29 35
29 36
29 37
29 39
30 32
30 33
30 35
30 37
30 38
30 39
32 34
32 35
32 36
32 38
32 39
33 36
33 39
34 36
34 39
35 37
36 37
37 38
38 39
