80
0 1
0 2
0 3
0 5
0 7
0 12
0 13
0 14
0 15
0 16
0 17
0 18
0 19
0 20
0 21
0 22
0 23
0 26
0 33
0 34
0 37
0 38
0 41
0 43
0 47
0 48
0 50
0 52
0 53
0 55
0 57
0 58
0 59
0 61
0 62
0 63
0 64
0 65
0 66
0 67
0 69
0 70
0 72
0 73
0 75
0 77
1 2
1 3
1 5
1 7
1 9
1 10
1 12
1 13
1 14
1 15
1 19
1 20
1 21
1 23
1 24
1 28
1 29
1 30
1 32
1 33
1 34
1 35
1 38
1 40
1 41
1 42
1 44
1 46
1 47
1 48
1 50
1 52
1 53
1 54
1 55
1 57
1 58
1 60
1 64
1 69
1 70
1 73
1 74
1 79
2 3
2 5
2 8
2 10
2 13
2 14
2 19
2 20
2 22
2 23
2 24
2 25
2 27
2 34
2 35
2 36
2 38
2 39
2 40
2 43
2 44
2 46
2 48
2 52
2 55
2 58
2 59
2 60
2 62
2 64
2 67
2 70
2 72
2 73
2 74
2 75
3 5
3 8
3 11
3 12
3 13
3 15
3 17
3 21
3 22
3 30
3 33
3 36
3 37
3 39
3 40
3 42
3 43
3 45
3 46
3 48
3 49
3 50
3 52
3 53
3 54
3 56
3 57
3 60
3 61
3 62
3 64
3 66
3 69
3 70
3 72
3 74
3 75
3 79
4 7
4 9
4 10
4 14
4 16
4 17
4 18
4 20
4 23
4 30
4 33
4 35
4 37
4 38
4 39
4 43
4 44
4 47
4 48
4 56
4 58
4 61
4 65
4 66
4 68
4 74
4 76
4 77
4 79
5 9
5 10
5 12
5 13
5 14
5 15
5 16
5 20
5 23
5 25
5 26
5 29
5 31
5 32
5 33
5 34
5 35
5 37
5 40
5 41
5 42
5 44
5 48
5 50
5 51
5 54
5 55
5 56
5 57
5 58
5 60
5 61
5 62
5 72
5 74
5 75
6 8
6 9
6 10
6 14
6 15
6 17
6 18
6 25
6 26
6 28
6 31
6 32
6 33
6 34
6 37
6 40
6 42
6 44
6 45
6 46
6 48
6 51
6 52
6 54
6 56
6 57
6 58
6 59
6 62
6 63
6 66
6 67
6 68
6 69
6 70
6 72
6 73
6 74
6 75
6 77
6 78
7 11
7 12
7 14
7 16
7 17
7 19
7 26
7 27
7 28
7 29
7 30
7 32
7 34
7 35
7 36
7 37
7 38
7 42
7 43
7 44
7 45
7 46
7 47
7 49
7 52
7 54
7 55
7 59
7 60
7 61
7 64
7 66
7 68
7 70
7 71
7 75
7 76
7 78
8 11
8 12
8 13
8 15
8 17
8 20
8 22
8 23
8 28
8 30
8 31
8 32
8 34
8 38
8 39
8 41
8 43
8 44
8 47
8 50
8 51
8 54
8 56
8 59
8 60
8 61
8 66
8 67
8 68
8 69
8 70
8 74
8 76
8 77
8 78
8 79
9 10
9 12
9 14
9 15
9 17
9 19
9 20
9 21
9 23
9 25
9 27
9 28
9 31
9 32
9 33
9 34
9 35
9 40
9 41
9 42
9 43
9 47
9 52
9 54
9 55
9 58
9 62
9 63
9 64
9 66
9 67
9 69
9 70
9 71
9 78
9 79
10 11
10 16
10 17
10 20
10 22
10 24
10 25
10 26
10 27
10 30
10 35
10 36
10 37
10 39
10 40
10 42
10 44
10 46
10 47
10 48
10 49
10 50
10 51
10 52
10 53
10 56
10 59
10 60
10 62
10 63
10 64
10 65
10 66
10 69
10 73
10 74
10 75
10 78
10 79
11 12
11 13
11 15
11 16
11 18
11 20
11 21
11 23
11 30
11 31
11 32
11 33
11 34
11 36
11 37
11 38
11 39
11 41
11 46
11 52
11 54
11 55
11 56
11 57
11 62
11 63
11 64
11 65
11 66
11 67
11 68
11 72
11 73
11 74
11 75
12 17
12 18
12 19
12 20
12 21
12 22
12 24
12 26
12 31
12 40
12 43
12 44
12 45
12 49
12 51
12 52
12 53
12 56
12 57
12 58
12 59
12 60
12 61
12 62
12 63
12 65
12 68
12 72
12 75
12 76
12 78
12 79
13 14
13 15
13 17
13 19
13 21
13 22
13 24
13 25
13 30
13 32
13 41
13 46
13 48
13 49
13 50
13 51
13 52
13 53
13 54
13 55
13 57
13 58
13 61
13 62
13 63
13 64
13 65
13 68
13 69
13 70
13 75
13 77
13 78
13 79
14 15
14 16
14 17
14 20
14 23
14 24
14 26
14 28
14 29
14 30
14 32
14 33
14 34
14 35
14 36
14 40
14 45
14 47
14 48
14 49
14 50
14 54
14 56
14 60
14 61
14 62
14 66
14 68
14 73
14 74
14 75
14 76
14 78
14 79
15 21
15 23
15 24
15 25
15 27
15 28
15 29
15 30
15 31
15 32
15 34
15 38
15 39
15 41
15 44
15 45
15 48
15 50
15 51
15 52
15 55
15 57
15 62
15 65
15 66
15 67
15 69
15 70
15 73
15 77
15 78
15 79
16 17
16 18
16 19
16 20
16 22
16 28
16 30
16 31
16 32
16 36
16 37
16 38
16 39
16 40
16 41
16 44
16 49
16 50
16 51
16 52
16 54
16 55
16 56
16 57
16 60
16 61
16 67
16 68
16 70
16 72
16 73
16 74
16 75
16 78
16 79
17 22
17 26
17 27
17 31
17 34
17 35
17 37
17 38
17 39
17 43
17 44
17 46
17 47
17 50
17 52
17 53
17 54
17 55
17 56
17 59
17 60
17 61
17 66
17 71
17 72
17 73
17 74
17 75
17 76
18 19
18 20
18 22
18 26
18 27
18 29
18 31
18 32
18 34
18 35
18 39
18 40
18 41
18 42
18 45
18 46
18 50
18 51
18 52
18 53
18 54
18 56
18 58
18 59
18 60
18 61
18 62
18 63
18 64
18 65
18 66
18 67
18 70
18 72
18 73
18 74
18 77
18 78
19 20
19 24
19 25
19 26
19 27
19 29
19 30
19 32
19 33
19 34
19 35
19 36
19 37
19 39
19 43
19 55
19 57
19 60
19 61
19 62
19 63
19 65
19 67
19 69
19 70
19 74
19 79
20 22
20 24
20 25
20 27
20 29
20 30
20 31
20 32
20 34
20 36
20 39
20 43
20 44
20 45
20 46
20 51
20 53
20 55
20 60
20 62
20 66
20 68
20 69
20 77
21 26
21 27
21 28
21 29
21 30
21 32
21 33
21 37
21 38
21 42
21 44
21 45
21 46
21 47
21 49
21 50
21 51
21 52
21 56
21 57
21 60
21 61
21 63
21 66
21 68
21 70
21 74
21 77
21 78
22 25
22 27
22 28
22 31
22 32
22 33
22 38
22 43
22 44
22 45
22 50
22 51
22 52
22 54
22 56
22 57
22 59
22 61
22 62
22 64
22 65
22 69
22 70
22 71
22 73
22 74
22 75
22 79
23 24
23 25
23 26
23 27
23 28
23 31
23 32
23 34
23 35
23 37
23 38
23 39
23 40
23 42
23 44
23 48
23 50
23 54
23 55
23 57
23 58
23 60
23 61
23 62
23 63
23 66
23 67
23 70
23 71
23 74
23 75
23 76
23 78
23 79
24 25
24 26
24 27
24 29
24 32
24 33
24 34
24 35
24 36
24 37
24 38
24 39
24 42
24 43
24 44
24 45
24 47
24 48
24 49
24 51
24 56
24 57
24 59
24 61
24 62
24 63
24 64
24 65
24 66
24 67
24 68
24 69
24 70
24 72
24 73
24 76
25 28
25 29
25 30
25 31
25 32
25 38
25 39
25 40
25 41
25 45
25 46
25 47
25 49
25 50
25 52
25 54
25 55
25 57
25 60
25 61
25 68
25 70
25 71
25 75
25 76
25 79
26 27
26 28
26 29
26 30
26 32
26 38
26 39
26 41
26 42
26 46
26 52
26 54
26 57
26 60
26 61
26 63
26 64
26 67
26 68
26 70
26 71
26 72
26 74
26 78
27 28
27 30
27 33
27 38
27 40
27 45
27 48
27 49
27 50
27 51
27 52
27 53
27 54
27 56
27 57
27 58
27 60
27 63
27 66
27 67
27 68
27 69
27 72
27 74
27 76
27 78
27 79
28 31
28 32
28 34
28 35
28 36
28 38
28 39
28 41
28 45
28 46
28 47
28 54
28 58
28 60
28 64
28 65
28 69
28 70
28 71
28 72
28 73
28 75
28 76
28 77
29 30
29 31
29 33
29 36
29 39
29 40
29 41
29 48
29 51
29 55
29 56
29 57
29 58
29 60
29 62
29 64
29 66
29 68
29 70
29 74
29 76
29 78
30 31
30 36
30 37
30 40
30 42
30 43
30 49
30 51
30 54
30 57
30 58
30 60
30 61
30 62
30 63
30 64
30 66
30 67
30 68
30 69
30 71
30 72
30 73
30 74
30 77
30 78
30 79
31 32
31 34
31 35
31 36
31 37
31 39
31 42
31 44
31 46
31 47
31 48
31 50
31 52
31 55
31 60
31 61
31 63
31 64
31 68
31 70
31 72
31 73
31 74
31 77
31 79
32 34
32 35
32 36
32 37
32 38
32 39
32 41
32 42
32 44
32 45
32 46
32 49
32 50
32 51
32 53
32 54
32 57
32 59
32 65
32 69
32 71
32 76
33 34
33 35
33 36
33 37
33 38
33 40
33 41
33 42
33 44
33 46
33 50
33 51
33 59
33 60
33 62
33 63
33 64
33 65
33 67
33 68
33 69
33 70
33 71
33 73
33 74
33 76
33 77
33 79
34 41
34 46
34 47
34 48
34 50
34 52
34 53
34 59
34 60
34 63
34 65
34 66
34 67
34 68
34 69
34 70
34 71
34 72
34 73
34 75
34 77
35 36
35 38
35 41
35 43
35 44
35 46
35 50
35 52
35 54
35 55
35 57
35 59
35 60
35 61
35 62
35 66
35 67
35 68
35 69
35 70
35 73
35 74
35 75
36 37
36 41
36 45
36 46
36 48
36 51
36 55
36 56
36 57
36 59
36 60
36 61
36 65
36 66
36 73
36 75
36 77
37 38
37 40
37 42
37 43
37 45
37 47
37 48
37 49
37 50
37 51
37 52
37 53
37 56
37 57
37 60
37 63
37 65
37 66
37 67
37 68
37 69
37 72
37 75
37 76
37 78
38 42
38 43
38 45
38 46
38 47
38 49
38 53
38 54
38 55
38 58
38 59
38 60
38 62
38 63
38 64
38 67
38 70
38 72
38 74
38 78
38 79
39 44
39 47
39 48
39 55
39 56
39 58
39 59
39 60
39 62
39 63
39 64
39 65
39 69
39 71
39 72
39 74
39 76
39 77
39 79
40 41
40 43
40 45
40 46
40 47
40 48
40 49
40 53
40 54
40 56
40 57
40 59
40 60
40 64
40 75
41 44
41 46
41 47
41 52
41 53
41 55
41 56
41 59
41 64
41 65
41 67
41 68
41 71
41 72
41 74
41 75
41 76
41 78
41 79
42 43
42 44
42 45
42 48
42 49
42 51
42 52
42 53
42 54
42 55
42 56
42 57
42 58
42 61
42 63
42 67
42 70
42 74
42 75
42 77
43 45
43 48
43 49
43 50
43 51
43 52
43 54
43 57
43 58
43 61
43 62
43 66
43 69
43 71
43 72
43 76
43 77
44 48
44 49
44 54
44 57
44 58
44 61
44 62
44 63
44 64
44 66
44 69
44 70
44 73
44 74
44 75
44 76
44 77
44 78
45 48
45 49
45 51
45 52
45 55
45 66
45 68
45 69
45 70
45 71
45 75
45 76
46 47
46 48
46 50
46 51
46 52
46 56
46 59
46 61
46 63
46 64
46 65
46 68
46 71
46 72
46 75
46 76
46 77
46 78
46 79
47 48
47 49
47 50
47 51
47 52
47 54
47 55
47 56
47 57
47 59
47 61
47 65
47 69
47 70
47 71
47 72
47 74
47 77
47 78
47 79
48 51
48 52
48 60
48 61
48 67
48 68
48 70
48 72
48 74
48 75
48 76
48 79
49 51
49 55
49 56
49 57
49 58
49 63
49 66
49 67
49 68
49 71
49 76
49 77
50 51
50 61
50 63
50 65
50 67
50 68
50 72
50 73
50 74
50 76
50 79
51 52
51 53
51 55
51 56
51 61
51 66
51 69
51 70
51 75
51 76
51 77
51 79
52 56
52 57
52 58
52 61
52 62
52 66
52 72
52 73
52 75
52 79
53 55
53 56
53 59
53 62
53 71
53 74
53 75
53 76
53 79
54 55
54 56
54 59
54 60
54 62
54 67
54 69
54 72
54 73
54 76
54 77
54 78
54 79
55 56
55 57
55 58
55 59
55 61
55 63
55 65
55 66
55 69
55 71
55 72
55 73
55 74
55 76
55 77
56 58
56 59
56 62
56 65
56 66
56 68
56 73
56 75
56 78
57 58
57 59
57 64
57 65
57 66
57 67
57 68
57 69
57 70
57 71
57 74
57 76
57 78
58 62
58 66
58 67
58 69
58 71
58 72
58 73
58 75
58 77
58 78
58 79
59 62
59 63
59 65
59 66
59 67
59 68
59 69
59 71
59 72
59 73
59 74
59 78
59 79
60 62
60 64
60 65
60 67
60 68
60 69
60 70
60 74
60 75
60 77
60 78
61 62
61 65
61 70
61 73
61 75
61 76
61 78
62 63
62 64
62 65
62 68
62 76
62 79
63 64
63 65
63 67
63 68
63 69
63 70
63 71
63 72
63 74
63 76
63 78
64 66
64 67
64 68
64 71
64 72
64 73
64 75
64 79
65 67
65 69
65 70
65 71
65 72
65 74
65 75
65 76
65 77
65 78
66 67
66 69
66 70
66 71
66 72
66 73
66 79
67 68
67 69
67 70
67 73
67 74
67 75
67 78
67 79
68 69
68 71
68 72
68 75
68 76
69 71
69 72
69 74
69 75
69 77
70 72
70 73
70 76
70 77
70 78
70 79
71 72
71 74
71 75
71 76
71 79
72 74
72 77
72 78
73 75
73 76
73 77
73 78
73 79
74 75
74 76
74 78
75 77
76 77
77 79
