80
0 1
0 3
0 4
0 6
0 7
0 9
0 11
0 15
0 16
0 18
0 19
0 21
0 23
0 24
0 27
0 28
0 29
0 30
0 32
0 34
0 35
0 36
0 37
0 40
0 45
0 46
0 49
0 52
0 54
0 56
0 60
0 63
0 64
0 65
0 67
0 69
0 74
0 78
0 79
1 2
1 6
1 7
1 9
1 10
1 12
1 13
1 16
1 17
1 22
1 25
1 29
1 32
1 33
1 34
1 35
1 37
1 41
1 42
1 44
1 50
1 51
1 54
1 55
1 56
1 57
1 58
1 60
1 61
1 66
1 67
1 68
1 69
1 72
1 73
1 74
1 75
1 78
1 79
2 3
2 4
2 5
2 7
2 8
2 9
2 11
2 12
2 13
2 15
2 16
2 19
2 22
2 26
2 28
2 29
2 31
2 35
2 36
2 39
2 41
2 42
2 43
2 46
2 47
2 48
2 50
2 51
2 54
2 55
2 56
2 59
2 61
2 62
2 65
2 67
2 71
2 73
2 75
2 77
2 78
2 79
3 5
3 6
3 9
3 12
3 16
3 18
3 19
3 20
3 23
3 25
3 27
3 29
3 30
3 31
3 32
3 34
3 36
3 38
3 39
3 40
3 41
3 42
3 43
3 45
3 46
3 48
3 49
3 50
3 51
3 52
3 54
3 55
3 56
3 57
3 58
3 59
3 61
3 63
3 64
3 65
3 73
3 79
4 5
4 8
4 12
4 13
4 16
4 17
4 20
4 21
4 30
4 31
4 33
4 34
4 35
4 36
4 38
4 39
4 41
4 42
4 43
4 44
4 45
4 46
4 47
4 51
4 52
4 54
4 56
4 57
4 58
4 60
4 61
4 62
4 64
4 66
4 67
4 69
4 70
4 72
4 73
4 76
4 77
4 78
5 8
5 9
5 11
5 13
5 16
5 17
5 19
5 20
5 21
5 23
5 28
5 32
5 34
5 36
5 38
5 39
5 40
5 43
5 46
5 47
5 49
5 56
5 57
5 59
5 61
5 64
5 65
5 67
5 68
5 70
5 71
5 75
5 76
5 78
5 79
6 9
6 11
6 16
6 17
6 18
6 19
6 20
6 25
6 26
6 29
6 30
6 32
6 33
6 37
6 38
6 40
6 43
6 49
6 50
6 51
6 52
6 55
6 56
6 59
6 60
6 62
6 66
6 68
6 70
6 73
6 76
6 77
6 78
6 79
7 10
7 11
7 12
7 13
7 15
7 16
7 17
7 21
7 24
7 25
7 26
7 28
7 29
7 30
7 33
7 35
7 36
7 38
7 46
7 47
7 50
7 52
7 55
7 58
7 59
7 60
7 61
7 65
7 67
7 68
7 71
7 72
7 75
7 76
7 79
8 9
8 10
8 11
8 12
8 16
8 17
8 18
8 22
8 23
8 26
8 29
8 30
8 31
8 35
8 36
8 39
8 40
8 41
8 42
8 43
8 47
8 49
8 51
8 53
8 59
8 61
8 63
8 71
8 73
8 75
8 76
8 77
9 11
9 12
9 14
9 15
9 17
9 18
9 20
9 21
9 23
9 25
9 27
9 36
9 39
9 40
9 41
9 42
9 44
9 45
9 47
9 48
9 49
9 51
9 52
9 53
9 54
9 55
9 57
9 58
9 59
9 61
9 62
9 64
9 65
9 66
9 69
9 70
9 71
9 72
9 73
9 75
9 76
9 78
10 11
10 12
10 13
10 14
10 15
10 20
10 23
10 24
10 25
10 26
10 27
10 30
10 31
10 32
10 33
10 36
10 38
10 39
10 41
10 43
10 48
10 49
10 50
10 51
10 53
10 54
10 55
10 56
10 58
10 60
10 61
10 63
10 67
10 68
10 70
10 71
10 72
10 78
10 79
11 12
11 13
11 15
11 16
11 19
11 20
11 22
11 27
11 30
11 33
11 40
11 41
11 42
11 46
11 50
11 52
11 53
11 55
11 58
11 59
11 61
11 62
11 64
11 65
11 72
11 73
11 77
12 13
12 15
12 19
12 20
12 22
12 23
12 24
12 27
12 29
12 30
12 33
12 34
12 37
12 38
12 51
12 52
12 54
12 55
12 58
12 60
12 65
12 66
12 68
12 69
12 71
12 72
12 73
12 75
12 77
13 15
13 18
13 20
13 21
13 22
13 23
13 24
13 27
13 28
13 29
13 31
13 33
13 36
13 41
13 42
13 44
13 45
13 48
13 49
13 51
13 52
13 55
13 58
13 59
13 60
13 61
13 62
13 64
13 65
13 66
13 67
13 68
13 69
13 72
14 15
14 16
14 18
14 21
14 22
14 23
14 26
14 27
14 30
14 36
14 38
14 40
14 41
14 42
14 45
14 46
14 49
14 50
14 53
14 54
14 56
14 58
14 59
14 65
14 66
14 67
14 69
14 70
14 72
14 73
14 74
14 75
14 76
14 79
15 17
15 19
15 20
15 23
15 25
15 26
15 31
15 32
15 35
15 36
15 37
15 38
15 40
15 42
15 43
15 44
15 45
15 47
15 52
15 53
15 54
15 55
15 58
15 61
15 65
15 66
15 67
15 69
15 71
15 74
15 77
15 79
16 19
16 23
16 24
16 29
16 32
16 33
16 34
16 36
16 40
16 46
16 48
16 49
16 50
16 53
16 54
16 55
16 56
16 57
16 58
16 60
16 61
16 63
16 65
16 68
16 71
16 72
16 74
16 75
16 76
16 79
17 18
17 21
17 23
17 25
17 26
17 27
17 28
17 30
17 32
17 37
17 39
17 40
17 41
17 44
17 45
17 46
17 52
17 56
17 57
17 58
17 59
17 60
17 61
17 64
17 66
17 67
17 68
17 69
17 72
17 74
17 76
18 19
18 20
18 22
18 23
18 24
18 25
18 27
18 29
18 30
18 31
18 32
18 34
18 35
18 36
18 38
18 39
18 40
18 43
18 47
18 52
18 54
18 57
18 58
18 59
18 60
18 61
18 66
18 67
18 68
18 72
18 73
18 74
19 20
19 21
19 23
19 25
19 26
19 27
19 29
19 30
19 31
19 32
19 33
19 34
19 38
19 39
19 43
19 47
19 48
19 49
19 55
19 56
19 57
19 58
19 60
19 64
19 65
19 67
19 68
19 69
19 72
19 73
19 75
19 76
19 77
19 78
20 26
20 28
20 29
20 30
20 31
20 33
20 35
20 36
20 38
20 39
20 40
20 43
20 47
20 50
20 51
20 57
20 60
20 61
20 62
20 63
20 68
20 71
20 72
20 74
20 76
21 22
21 24
21 26
21 32
21 36
21 37
21 38
21 41
21 46
21 49
21 50
21 52
21 54
21 57
21 58
21 60
21 61
21 66
21 67
21 70
21 73
21 74
21 79
22 26
22 27
22 28
22 29
22 33
22 34
22 35
22 37
22 38
22 40
22 43
22 44
22 46
22 47
22 48
22 49
22 51
22 53
22 59
22 62
22 64
22 65
22 66
22 71
22 72
22 74
22 76
23 25
23 26
23 27
23 28
23 29
23 33
23 37
23 38
23 39
23 41
23 44
23 45
23 47
23 49
23 51
23 53
23 56
23 59
23 60
23 61
23 62
23 63
23 64
23 65
23 66
23 67
23 72
23 75
23 78
23 79
24 25
24 27
24 28
24 29
24 30
24 32
24 33
24 34
24 36
24 39
24 40
24 42
24 43
24 45
24 46
24 48
24 51
24 52
24 53
24 54
24 55
24 56
24 60
24 62
24 66
24 67
24 69
24 70
24 71
24 73
24 74
24 75
24 77
24 78
24 79
25 27
25 28
25 30
25 31
25 32
25 33
25 34
25 35
25 36
25 39
25 40
25 42
25 43
25 45
25 46
25 47
25 48
25 50
25 55
25 57
25 59
25 61
25 62
25 63
25 64
25 65
25 66
25 68
25 70
25 71
25 73
25 75
25 76
25 77
25 78
26 27
26 28
26 29
26 30
26 32
26 34
26 35
26 38
26 39
26 42
26 43
26 46
26 47
26 49
26 51
26 52
26 56
26 57
26 61
26 64
26 65
26 67
26 69
26 70
26 72
26 78
26 79
27 28
27 29
27 31
27 33
27 34
27 35
27 36
27 44
27 46
27 47
27 49
27 52
27 53
27 54
27 55
27 58
27 59
27 60
27 61
27 62
27 64
27 66
27 67
27 70
27 73
27 74
27 77
27 78
27 79
28 30
28 31
28 32
28 35
28 36
28 40
28 43
28 44
28 46
28 50
28 51
28 53
28 55
28 61
28 62
28 65
28 66
28 67
28 72
28 74
28 76
28 77
29 31
29 32
29 33
29 34
29 36
29 39
29 40
29 43
29 46
29 49
29 50
29 52
29 54
29 55
29 56
29 57
29 60
29 63
29 65
29 67
29 70
29 72
29 73
29 75
29 76
30 33
30 35
30 36
30 38
30 39
30 40
30 41
30 43
30 44
30 48
30 52
30 53
30 57
30 59
30 62
30 64
30 65
30 67
30 68
30 70
30 71
30 73
30 74
30 75
30 76
30 77
30 79
31 34
31 35
31 38
31 40
31 44
31 46
31 47
31 48
31 49
31 50
31 57
31 59
31 60
31 61
31 64
31 65
31 68
31 73
31 75
32 38
32 40
32 43
32 44
32 47
32 50
32 58
32 59
32 60
32 62
32 63
32 64
32 65
32 66
32 67
32 69
32 76
32 79
33 35
33 38
33 39
33 40
33 43
33 45
33 46
33 51
33 52
33 56
33 57
33 60
33 61
33 62
33 63
33 64
33 72
33 75
33 76
33 78
33 79
34 35
34 36
34 38
34 41
34 42
34 43
34 44
34 48
34 49
34 53
34 58
34 63
34 64
34 65
34 67
34 68
34 70
34 74
34 75
34 76
34 77
34 78
34 79
35 36
35 38
35 41
35 43
35 44
35 47
35 48
35 51
35 53
35 54
35 56
35 58
35 60
35 64
35 65
35 66
35 68
35 70
35 71
35 72
35 73
35 74
35 75
35 77
35 78
36 39
36 40
36 41
36 43
36 44
36 46
36 49
36 50
36 51
36 55
36 57
36 58
36 59
36 61
36 63
36 65
36 67
36 70
36 71
36 72
36 74
36 77
36 78
36 79
37 39
37 41
37 43
37 48
37 50
37 55
37 60
37 64
37 67
37 69
37 70
37 71
37 74
37 78
37 79
38 39
38 40
38 41
38 42
38 43
38 46
38 48
38 51
38 52
38 53
38 54
38 57
38 58
38 63
38 64
38 65
38 67
38 69
38 76
38 79
39 40
39 45
39 47
39 49
39 53
39 54
39 56
39 57
39 59
39 60
39 61
39 65
39 66
39 67
39 70
39 76
39 77
40 42
40 43
40 44
40 49
40 51
40 53
40 57
40 58
40 61
40 62
40 63
40 67
40 69
40 73
40 74
40 76
40 78
41 43
41 44
41 46
41 47
41 48
41 51
41 52
41 54
41 57
41 58
41 62
41 64
41 68
41 71
41 74
41 76
41 77
41 78
42 47
42 51
42 52
42 53
42 55
42 58
42 60
42 66
42 67
42 68
42 69
42 70
42 71
42 75
42 76
42 77
42 78
42 79
43 46
43 50
43 54
43 56
43 59
43 62
43 64
43 66
43 69
43 70
43 71
43 72
43 74
43 76
43 77
43 78
43 79
44 45
44 47
44 48
44 49
44 51
44 52
44 54
44 56
44 58
44 59
44 60
44 61
44 62
44 63
44 64
44 65
44 67
44 69
44 72
44 73
44 74
44 78
45 47
45 48
45 49
45 50
45 52
45 55
45 58
45 59
45 61
45 62
45 63
45 64
45 65
45 68
45 69
45 73
45 74
45 79
46 47
46 49
46 51
46 52
46 58
46 59
46 61
46 63
46 64
46 65
46 67
46 69
46 70
46 72
46 73
46 75
46 77
47 49
47 51
47 52
47 54
47 55
47 56
47 57
47 58
47 60
47 64
47 66
47 69
47 70
47 71
47 72
47 73
47 74
47 77
48 49
48 50
48 51
48 56
48 57
48 58
48 59
48 61
48 62
48 64
48 69
48 71
48 76
48 77
49 50
49 51
49 54
49 55
49 56
49 57
49 58
49 59
49 60
49 61
49 65
49 68
49 69
49 70
49 72
49 73
49 75
49 76
49 78
50 53
50 55
50 56
50 59
50 61
50 62
50 65
50 67
50 71
50 72
50 74
50 75
50 76
50 79
51 53
51 56
51 57
51 63
51 64
51 67
51 69
51 70
51 73
51 74
51 76
51 77
51 78
51 79
52 55
52 56
52 58
52 59
52 63
52 65
52 66
52 67
52 68
52 71
52 73
52 75
52 76
52 79
53 55
53 58
53 62
53 63
53 64
53 68
53 70
53 71
53 72
53 76
53 78
54 56
54 57
54 58
54 61
54 63
54 68
54 69
54 71
54 73
54 74
54 76
54 78
55 58
55 59
55 61
55 64
55 66
55 67
55 68
55 69
55 73
55 74
55 75
55 76
55 77
55 78
56 58
56 59
56 62
56 63
56 67
56 68
56 70
56 71
56 72
56 73
56 76
56 78
57 61
57 62
57 65
57 66
57 67
57 68
57 70
57 71
57 72
57 74
57 75
57 76
57 77
57 79
58 59
58 62
58 63
58 67
58 68
58 71
58 72
58 73
58 74
58 75
58 76
58 77
58 78
58 79
59 61
59 62
59 63
59 64
59 67
59 68
59 69
59 70
59 74
59 76
59 79
60 64
60 65
60 68
60 70
60 72
60 74
60 76
60 78
61 62
61 64
61 65
61 66
61 67
61 68
61 71
61 72
61 73
61 76
61 77
61 78
62 63
62 67
62 68
62 69
62 72
62 73
62 75
62 78
62 79
63 64
63 65
63 68
63 69
63 71
63 72
63 74
63 75
63 76
63 78
63 79
64 65
64 66
64 67
64 70
64 72
64 73
65 66
65 67
65 68
65 71
65 74
65 75
65 77
65 79
66 67
66 68
66 70
66 71
66 72
66 79
67 68
67 69
67 70
67 71
67 73
68 70
68 71
68 72
68 75
68 77
69 70
69 72
69 74
69 75
69 77
69 79
70 71
70 74
70 76
71 73
71 74
71 77
72 73
72 74
72 75
72 77
73 75
73 76
73 77
73 79
74 76
74 77
74 78
75 76
75 77
75 78
75 79
76 78
77 78
77 79
78 79
