80
0 1
0 2
0 3
0 4
0 5
0 6
0 7
0 15
0 19
0 21
0 22
0 23
0 24
0 25
0 27
0 29
0 30
0 31
0 33
0 34
0 39
0 40
0 41
0 42
0 44
0 45
0 50
0 51
0 53
0 54
0 55
0 56
0 59
0 63
0 68
0 69
0 70
0 71
0 74
0 75
0 76
0 77
1 5
1 7
1 8
1 11
1 19
1 21
1 22
1 23
1 24
1 28
1 29
1 30
1 31
1 33
1 34
1 36
1 37
1 38
1 40
1 41
1 42
1 45
1 47
1 48
1 50
1 52
1 53
1 54
1 55
1 57
1 62
1 63
1 64
1 65
1 66
1 69
1 72
1 74
1 75
1 76
1 79
2 4
2 5
2 6
2 8
2 9
2 12
2 17
2 18
2 19
2 24
2 26
2 27
2 29
2 32
2 34
2 37
2 38
2 40
2 41
2 43
2 44
2 46
2 48
2 49
2 53
2 55
2 56
2 57
2 60
2 62
2 63
2 65
2 66
2 67
2 68
2 71
2 72
2 74
2 75
2 78
2 79
3 4
3 6
3 7
3 9
3 12
3 13
3 15
3 16
3 17
3 19
3 21
3 22
3 24
3 30
3 31
3 32
3 33
3 34
3 37
3 39
3 40
3 41
3 45
3 47
3 49
3 50
3 51
3 54
3 57
3 58
3 59
3 65
3 66
3 67
3 68
3 70
3 72
3 74
3 75
3 77
3 79
4 5
4 6
4 10
4 11
4 15
4 16
4 17
4 20
4 26
4 27
4 29
4 30
4 36
4 37
4 38
4 39
4 41
4 42
4 46
4 50
4 51
4 54
4 55
4 56
4 62
4 64
4 65
4 66
4 67
4 68
4 69
4 72
4 73
4 74
4 75
4 76
4 79
5 6
5 7
5 8
5 11
5 16
5 18
5 19
5 20
5 21
5 24
5 25
5 26
5 27
5 28
5 29
5 30
5 31
5 32
5 36
5 46
5 49
5 50
5 51
5 52
5 56
5 59
5 62
5 63
5 65
5 66
5 67
5 69
5 70
5 72
5 73
5 77
6 8
6 10
6 11
6 13
6 14
6 15
6 16
6 17
6 19
6 24
6 25
6 29
6 30
6 32
6 35
6 37
6 38
6 39
6 41
6 42
6 44
6 45
6 51
6 56
6 60
6 61
6 63
6 65
6 66
6 69
6 72
6 74
6 76
6 77
6 78
6 79
7 8
7 10
7 12
7 13
7 15
7 17
7 19
7 22
7 23
7 25
7 27
7 28
7 29
7 30
7 31
7 32
7 33
7 37
7 39
7 41
7 42
7 43
7 46
7 47
7 49
7 50
7 51
7 54
7 55
7 57
7 63
7 65
7 66
7 69
7 70
7 71
7 74
8 10
8 12
8 14
8 15
8 16
8 17
8 18
8 22
8 25
8 26
8 27
8 28
8 30
8 31
8 36
8 37
8 39
8 40
8 41
8 42
8 45
8 47
8 52
8 53
8 54
8 56
8 57
8 60
8 61
8 62
8 65
8 67
8 72
8 73
8 74
8 76
8 77
8 79
9 10
9 12
9 15
9 16
9 17
9 18
9 19
9 20
9 22
9 24
9 27
9 28
9 30
9 31
9 33
9 34
9 35
9 36
9 38
9 40
9 41
9 42
9 43
9 44
9 45
9 47
9 52
9 53
9 54
9 55
9 57
9 60
9 62
9 63
9 65
9 66
9 67
9 68
9 72
9 74
9 75
9 78
10 11
10 12
10 13
10 14
10 15
10 16
10 17
10 19
10 21
10 22
10 23
10 24
10 25
10 26
10 27
10 29
10 30
10 33
10 34
10 39
10 41
10 42
10 47
10 48
10 49
10 50
10 51
10 55
10 59
10 61
10 62
10 64
10 65
10 67
10 70
10 72
10 73
10 75
10 76
10 77
10 78
10 79
11 18
11 19
11 20
11 25
11 29
11 30
11 37
11 40
11 41
11 44
11 48
11 49
11 50
11 51
11 54
11 56
11 57
11 59
11 61
11 62
11 64
11 66
11 68
11 70
11 71
11 72
11 73
11 75
11 78
11 79
12 13
12 14
12 21
12 22
12 23
12 24
12 25
12 27
12 30
12 31
12 32
12 34
12 38
12 39
12 40
12 41
12 42
12 43
12 44
12 45
12 46
12 52
12 53
12 59
12 64
12 67
12 68
12 72
12 73
12 75
12 77
12 78
12 79
13 15
13 16
13 17
13 18
13 19
13 21
13 30
13 31
13 33
13 34
13 35
13 41
13 42
13 44
13 50
13 51
13 54
13 57
13 58
13 60
13 61
13 62
13 64
13 65
13 68
13 69
13 70
13 72
13 74
13 76
14 15
14 16
14 17
14 19
14 21
14 22
14 23
14 24
14 28
14 30
14 32
14 34
14 35
14 36
14 37
14 38
14 40
14 41
14 44
14 45
14 46
14 48
14 50
14 51
14 54
14 55
14 57
14 58
14 61
14 62
14 66
14 67
14 69
14 70
14 71
14 75
14 77
15 18
15 21
15 22
15 27
15 28
15 30
15 31
15 32
15 33
15 34
15 35
15 37
15 38
15 40
15 44
15 46
15 51
15 52
15 58
15 61
15 67
15 70
15 71
15 76
15 77
15 78
15 79
16 18
16 19
16 21
16 24
16 29
16 30
16 32
16 34
16 35
16 36
16 40
16 45
16 48
16 49
16 50
16 51
16 52
16 53
16 54
16 55
16 57
16 59
16 60
16 61
16 62
16 63
16 64
16 66
16 67
16 70
16 73
16 77
17 18
17 21
17 23
17 24
17 26
17 29
17 30
17 32
17 33
17 35
17 38
17 42
17 43
17 44
17 50
17 53
17 56
17 57
17 58
17 60
17 65
17 69
17 73
17 74
17 77
17 78
17 79
18 21
18 23
18 26
18 27
18 30
18 34
18 35
18 36
18 37
18 38
18 43
18 45
18 47
18 48
18 50
18 51
18 53
18 56
18 58
18 59
18 60
18 61
18 65
18 66
18 67
18 70
18 72
18 75
18 76
18 79
19 20
19 22
19 23
19 24
19 25
19 26
19 27
19 32
19 33
19 35
19 38
19 39
19 40
19 41
19 43
19 46
19 48
19 49
19 51
19 56
19 58
19 59
19 64
19 66
19 67
19 68
19 69
19 72
19 73
19 76
19 77
19 78
20 25
20 26
20 27
20 29
20 30
20 32
20 33
20 37
20 39
20 40
20 41
20 44
20 47
20 50
20 51
20 54
20 55
20 58
20 60
20 62
20 63
20 69
20 71
20 72
20 73
20 75
20 76
20 77
21 22
21 23
21 24
21 25
21 27
21 28
21 29
21 30
21 32
21 34
21 40
21 42
21 43
21 47
21 49
21 51
21 56
21 58
21 59
21 61
21 62
21 63
21 66
21 67
21 69
21 71
21 74
21 79
22 23
22 24
22 25
22 26
22 30
22 31
22 34
22 36
22 38
22 41
22 44
22 45
22 47
22 48
22 49
22 51
22 55
22 56
22 60
22 61
22 63
22 64
22 66
22 67
22 68
22 69
22 71
22 72
22 73
22 74
22 75
22 76
22 77
22 78
22 79
23 24
23 26
23 29
23 30
23 32
23 33
23 34
23 37
23 39
23 40
23 41
23 42
23 43
23 45
23 52
23 55
23 56
23 57
23 59
23 60
23 61
23 63
23 65
23 68
23 69
23 71
23 73
23 75
23 78
24 26
24 27
24 29
24 31
24 33
24 35
24 37
24 40
24 41
24 43
24 47
24 48
24 49
24 50
24 51
24 54
24 56
24 58
24 59
24 60
24 62
24 63
24 65
24 66
24 68
24 71
24 72
24 75
24 76
24 77
24 78
24 79
25 27
25 28
25 33
25 38
25 40
25 41
25 42
25 43
25 45
25 49
25 50
25 54
25 55
25 56
25 62
25 64
25 65
25 67
25 69
25 70
25 71
25 74
25 75
25 76
26 28
26 30
26 32
26 33
26 34
26 36
26 37
26 39
26 41
26 42
26 44
26 45
26 47
26 50
26 51
26 57
26 59
26 61
26 63
26 64
26 65
26 66
26 67
26 70
26 71
26 73
26 74
26 75
26 76
26 77
26 79
27 28
27 29
27 31
27 32
27 40
27 41
27 42
27 44
27 45
27 47
27 48
27 49
27 50
27 51
27 53
27 54
27 55
27 64
27 65
27 68
27 69
27 71
27 72
27 73
27 77
28 32
28 34
28 36
28 37
28 38
28 39
28 40
28 41
28 43
28 46
28 48
28 49
28 50
28 51
28 53
28 55
28 58
28 60
28 61
28 62
28 65
28 66
28 74
28 76
28 77
28 78
29 30
29 34
29 35
29 37
29 40
29 43
29 45
29 47
29 48
29 50
29 51
29 57
29 58
29 59
29 63
29 64
29 65
29 66
29 67
29 68
29 69
29 71
29 72
29 73
29 74
29 75
29 78
30 31
30 33
30 35
30 44
30 45
30 48
30 49
30 51
30 52
30 57
30 60
30 64
30 65
30 67
30 70
30 73
30 74
30 75
30 76
30 79
31 34
31 43
31 45
31 46
31 47
31 50
31 54
31 56
31 57
31 64
31 65
31 66
31 67
31 71
31 74
31 75
31 78
32 33
32 34
32 36
32 37
32 38
32 40
32 42
32 43
32 44
32 47
32 48
32 49
32 51
32 52
32 54
32 55
32 56
32 62
32 65
32 66
32 67
32 69
32 71
32 76
32 78
33 35
33 36
33 38
33 39
33 46
33 48
33 49
33 50
33 52
33 53
33 54
33 55
33 56
33 57
33 58
33 61
33 64
33 65
33 67
33 68
33 69
33 72
33 73
33 74
33 75
33 76
34 37
34 38
34 44
34 46
34 51
34 52
34 53
34 55
34 56
34 57
34 59
34 63
34 64
34 66
34 68
34 71
34 72
34 75
34 76
34 77
34 79
35 36
35 37
35 38
35 39
35 40
35 45
35 46
35 48
35 49
35 50
35 51
35 52
35 54
35 56
35 60
35 62
35 65
35 66
35 69
35 70
35 71
35 72
35 74
35 76
35 79
36 40
36 45
36 46
36 47
36 49
36 51
36 53
36 54
36 55
36 56
36 57
36 61
36 63
36 64
36 66
36 67
36 68
36 69
36 71
36 72
36 73
36 74
36 77
37 38
37 42
37 43
37 44
37 45
37 46
37 47
37 49
37 51
37 52
37 54
37 55
37 57
37 66
37 68
37 71
37 74
37 76
37 77
37 78
38 40
38 41
38 43
38 44
38 48
38 53
38 54
38 55
38 56
38 58
38 59
38 61
38 62
38 63
38 65
38 66
38 67
38 68
38 71
38 72
38 73
38 77
39 41
39 44
39 46
39 49
39 52
39 53
39 54
39 56
39 57
39 58
39 61
39 62
39 64
39 65
39 69
39 70
39 75
39 77
39 78
40 42
40 46
40 47
40 49
40 52
40 53
40 54
40 62
40 63
40 64
40 66
40 67
40 71
40 72
40 73
40 74
40 76
41 47
41 48
41 49
41 50
41 51
41 52
41 56
41 57
41 58
41 59
41 60
41 64
41 65
41 69
41 72
41 73
41 76
41 78
41 79
42 43
42 48
42 52
42 54
42 55
42 56
42 58
42 60
42 61
42 62
42 63
42 64
42 67
42 68
42 70
42 71
42 72
42 74
43 49
43 51
43 54
43 55
43 56
43 57
43 63
43 65
43 67
43 70
43 71
43 72
43 73
43 75
43 76
43 77
43 79
44 46
44 47
44 48
44 50
44 52
44 56
44 57
44 60
44 62
44 69
44 71
44 72
44 74
44 75
44 78
45 46
45 48
45 49
45 51
45 57
45 59
45 60
45 61
45 64
45 67
45 68
45 71
45 73
45 79
46 47
46 48
46 49
46 51
46 52
46 54
46 55
46 57
46 58
46 60
46 64
46 66
46 67
46 69
46 70
46 72
46 74
47 48
47 49
47 51
47 52
47 54
47 55
47 56
47 61
47 62
47 63
47 65
47 66
47 68
47 69
47 71
47 72
47 73
47 74
47 78
47 79
48 49
48 50
48 53
48 54
48 58
48 59
48 60
48 61
48 62
48 63
48 64
48 66
48 67
48 76
48 78
49 50
49 53
49 57
49 60
49 61
49 62
49 64
49 65
49 66
49 68
49 74
49 75
49 79
50 52
50 53
50 54
50 57
50 60
50 61
50 66
50 70
50 71
50 73
50 74
50 75
50 76
50 77
51 52
51 53
51 54
51 56
51 58
51 61
51 65
51 66
51 67
51 69
51 70
51 71
51 72
51 73
51 74
51 75
51 76
51 79
52 56
52 59
52 63
52 64
52 65
52 68
52 70
52 71
52 72
52 73
52 74
52 75
52 78
52 79
53 54
53 57
53 58
53 59
53 60
53 61
53 63
53 64
53 65
53 68
53 70
53 71
53 75
53 77
53 78
54 56
54 57
54 58
54 60
54 61
54 62
54 63
54 65
54 70
54 72
54 74
54 75
54 77
54 78
54 79
55 57
55 61
55 62
55 63
55 65
55 66
55 69
55 71
55 74
55 75
55 78
55 79
56 58
56 60
56 62
56 65
56 66
56 67
56 70
57 58
57 59
57 62
57 63
57 64
57 65
57 66
57 67
57 72
57 74
57 76
57 78
58 59
58 61
58 62
58 65
58 72
58 73
58 74
58 76
59 60
59 61
59 64
59 65
59 68
59 69
59 72
59 76
59 79
60 61
60 64
60 65
60 66
60 68
60 70
60 72
60 76
60 77
60 78
60 79
61 63
61 64
61 65
61 66
61 72
61 76
61 78
62 66
62 67
62 69
62 70
62 71
62 72
62 73
62 74
62 75
63 64
63 65
63 66
63 68
63 70
63 72
63 75
63 76
63 78
63 79
64 65
64 70
64 71
64 75
64 76
64 77
64 78
65 66
65 68
65 69
65 70
65 71
65 72
65 74
65 76
65 77
65 78
66 67
66 68
66 69
66 70
66 73
67 68
67 70
67 71
67 73
67 75
67 77
68 71
68 73
68 74
69 70
69 74
69 76
70 72
70 73
70 75
70 77
71 72
71 73
71 75
71 77
71 79
72 74
72 76
72 77
72 78
72 79
73 74
73 75
73 77
73 78
73 79
74 77
74 78
74 79
75 77
76 78
77 79
78 79
