80
0 1
0 4
0 5
0 6
0 7
0 9
0 13
0 14
0 15
0 18
0 21
0 22
0 23
0 27
0 28
0 30
0 31
0 32
0 35
0 36
0 38
0 40
0 45
0 46
0 49
0 53
0 55
0 56
0 58
0 60
0 67
0 68
0 69
0 71
0 74
0 75
0 77
0 78
1 2
1 3
1 4
1 6
1 7
1 9
1 10
1 12
1 13
1 14
1 15
1 17
1 19
1 21
1 22
1 24
1 25
1 26
1 27
1 31
1 32
1 34
1 35
1 37
1 38
1 39
1 40
1 42
1 43
1 44
1 46
1 47
1 48
1 49
1 51
1 55
1 56
1 58
1 59
1 61
1 62
1 63
1 66
1 68
1 69
1 70
1 71
1 72
1 74
1 76
1 77
1 79
2 3
2 9
2 10
2 11
2 12
2 18
2 20
2 21
2 22
2 26
2 27
2 28
2 29
2 31
2 35
2 36
2 37
2 38
2 40
2 41
2 42
2 45
2 47
2 48
2 49
2 51
2 58
2 60
2 63
2 65
2 66
2 68
2 69
2 70
2 71
2 72
2 73
2 75
2 76
2 77
3 5
3 7
3 9
3 10
3 11
3 19
3 20
3 21
3 23
3 25
3 26
3 27
3 29
3 30
3 32
3 33
3 34
3 37
3 38
3 39
3 40
3 41
3 42
3 45
3 46
3 51
3 54
3 61
3 62
3 63
3 64
3 67
3 71
3 74
3 79
4 8
4 9
4 11
4 12
4 15
4 20
4 21
4 23
4 27
4 28
4 29
4 30
4 31
4 36
4 37
4 38
4 40
4 42
4 43
4 45
4 46
4 50
4 51
4 55
4 56
4 57
4 58
4 59
4 60
4 62
4 64
4 69
4 70
4 71
4 73
4 74
4 75
4 77
4 78
5 6
5 8
5 9
5 10
5 12
5 15
5 17
5 19
5 20
5 21
5 22
5 23
5 25
5 26
5 28
5 29
5 31
5 34
5 38
5 39
5 42
5 43
5 44
5 47
5 48
5 49
5 50
5 57
5 58
5 60
5 61
5 67
5 72
5 73
5 75
5 77
5 78
5 79
6 7
6 9
6 10
6 14
6 15
6 16
6 19
6 20
6 22
6 26
6 27
6 29
6 31
6 32
6 34
6 35
6 40
6 41
6 44
6 48
6 49
6 50
6 53
6 57
6 59
6 60
6 62
6 63
6 66
6 68
6 70
6 71
6 72
6 74
6 77
7 10
7 13
7 15
7 16
7 18
7 19
7 23
7 24
7 25
7 26
7 28
7 31
7 34
7 35
7 36
7 38
7 39
7 40
7 41
7 42
7 43
7 44
7 47
7 50
7 51
7 57
7 58
7 59
7 62
7 65
7 67
7 68
7 69
7 70
7 71
7 72
7 73
7 79
8 10
8 13
8 14
8 15
8 17
8 19
8 20
8 22
8 25
8 27
8 29
8 30
8 31
8 34
8 36
8 37
8 38
8 39
8 40
8 45
8 46
8 48
8 49
8 52
8 53
8 55
8 57
8 66
8 68
8 69
8 70
8 75
8 76
9 10
9 11
9 14
9 15
9 16
9 18
9 20
9 22
9 29
9 30
9 31
9 32
9 33
9 34
9 35
9 36
9 38
9 39
9 42
9 44
9 45
9 47
9 49
9 50
9 51
9 52
9 54
9 56
9 57
9 58
9 60
9 63
9 65
9 66
9 67
9 68
9 71
9 72
9 75
9 78
9 79
10 13
10 14
10 16
10 17
10 18
10 19
10 20
10 21
10 22
10 25
10 26
10 30
10 31
10 32
10 33
10 37
10 38
10 39
10 40
10 42
10 43
10 46
10 48
10 49
10 50
10 51
10 53
10 55
10 56
10 58
10 59
10 62
10 63
10 64
10 66
10 67
10 68
10 71
10 72
10 73
10 75
10 76
10 78
10 79
11 12
11 13
11 16
11 17
11 19
11 20
11 21
11 23
11 24
11 29
11 30
11 32
11 33
11 34
11 36
11 38
11 40
11 42
11 43
11 45
11 47
11 48
11 51
11 52
11 53
11 54
11 60
11 61
11 62
11 65
11 74
11 77
11 79
12 16
12 18
12 19
12 22
12 23
12 26
12 27
12 28
12 30
12 33
12 34
12 35
12 36
12 37
12 38
12 40
12 42
12 44
12 45
12 47
12 49
12 50
12 51
12 54
12 57
12 58
12 60
12 64
12 65
12 71
12 72
12 73
12 74
12 75
12 76
12 78
13 19
13 22
13 23
13 25
13 27
13 29
13 31
13 35
13 36
13 37
13 38
13 39
13 40
13 41
13 43
13 44
13 45
13 48
13 49
13 51
13 55
13 56
13 58
13 60
13 65
13 71
13 72
13 74
13 77
13 78
13 79
14 16
14 17
14 18
14 19
14 22
14 26
14 27
14 29
14 30
14 31
14 33
14 35
14 36
14 37
14 38
14 39
14 41
14 42
14 44
14 47
14 49
14 50
14 51
14 53
14 54
14 55
14 56
14 58
14 64
14 66
14 68
14 71
14 74
14 77
14 79
15 16
15 21
15 24
15 26
15 33
15 35
15 39
15 42
15 43
15 45
15 46
15 47
15 48
15 49
15 50
15 55
15 58
15 59
15 60
15 61
15 62
15 68
15 69
15 70
15 74
15 75
15 76
15 77
15 79
16 17
16 18
16 21
16 22
16 26
16 27
16 30
16 31
16 35
16 40
16 42
16 43
16 45
16 47
16 48
16 49
16 51
16 56
16 57
16 58
16 62
16 63
16 65
16 66
16 70
16 71
16 74
16 75
16 76
17 19
17 20
17 25
17 26
17 27
17 28
17 33
17 34
17 35
17 36
17 37
17 41
17 45
17 47
17 49
17 52
17 55
17 61
17 62
17 63
17 64
17 65
17 66
17 67
17 73
17 78
17 79
18 19
18 21
18 22
18 24
18 27
18 29
18 30
18 31
18 32
18 38
18 43
18 44
18 45
18 46
18 49
18 52
18 53
18 54
18 56
18 60
18 66
18 67
18 68
18 69
18 73
18 75
18 77
19 23
19 24
19 25
19 27
19 31
19 32
19 33
19 35
19 36
19 37
19 39
19 40
19 42
19 43
19 44
19 49
19 50
19 51
19 53
19 54
19 55
19 56
19 57
19 58
19 59
19 61
19 64
19 65
19 67
19 71
19 73
19 75
19 76
20 21
20 25
20 26
20 27
20 28
20 29
20 30
20 31
20 32
20 33
20 34
20 38
20 48
20 49
20 50
20 51
20 53
20 57
20 59
20 60
20 64
20 66
20 69
20 71
20 72
20 73
20 74
20 78
20 79
21 24
21 25
21 28
21 29
21 30
21 32
21 37
21 40
21 43
21 44
21 46
21 48
21 56
21 57
21 58
21 63
21 65
21 66
21 72
21 77
21 78
22 24
22 25
22 28
22 29
22 31
22 33
22 35
22 36
22 38
22 43
22 45
22 46
22 47
22 48
22 50
22 54
22 56
22 57
22 58
22 61
22 63
22 64
22 66
22 67
22 70
22 71
22 73
22 75
22 76
22 78
22 79
23 25
23 26
23 27
23 28
23 29
23 30
23 34
23 36
23 37
23 38
23 39
23 42
23 44
23 45
23 48
23 49
23 51
23 53
23 58
23 61
23 63
23 64
23 66
23 67
23 69
23 70
23 77
23 79
24 25
24 27
24 28
24 29
24 31
24 35
24 36
24 38
24 40
24 45
24 46
24 48
24 55
24 56
24 57
24 59
24 60
24 62
24 63
24 64
24 67
24 70
24 74
24 77
24 79
25 26
25 27
25 29
25 30
25 31
25 34
25 36
25 37
25 38
25 42
25 43
25 46
25 48
25 49
25 55
25 56
25 57
25 61
25 65
25 67
25 70
25 71
25 74
25 75
25 78
26 27
26 28
26 30
26 31
26 36
26 38
26 39
26 43
26 47
26 48
26 50
26 51
26 52
26 55
26 57
26 59
26 61
26 66
26 68
26 69
26 75
27 29
27 31
27 32
27 33
27 34
27 35
27 36
27 39
27 40
27 42
27 44
27 45
27 46
27 47
27 48
27 49
27 50
27 52
27 53
27 54
27 55
27 57
27 58
27 59
27 60
27 61
27 63
27 64
27 71
27 72
27 74
27 75
27 77
27 78
27 79
28 29
28 31
28 33
28 34
28 35
28 41
28 44
28 45
28 48
28 49
28 50
28 51
28 53
28 54
28 55
28 56
28 58
28 59
28 61
28 62
28 66
28 75
28 79
29 32
29 37
29 38
29 40
29 42
29 45
29 47
29 48
29 53
29 55
29 56
29 57
29 58
29 59
29 63
29 64
29 68
29 70
29 71
29 72
29 73
29 75
29 76
30 34
30 37
30 38
30 39
30 41
30 42
30 45
30 46
30 49
30 50
30 51
30 53
30 55
30 56
30 60
30 63
30 64
30 65
30 67
30 71
30 72
30 75
30 76
30 77
30 78
30 79
31 34
31 36
31 37
31 38
31 40
31 42
31 44
31 45
31 47
31 55
31 59
31 60
31 61
31 63
31 64
31 65
31 66
31 67
31 68
31 69
31 71
31 72
31 73
31 76
31 77
32 36
32 37
32 39
32 40
32 41
32 43
32 48
32 49
32 51
32 52
32 53
32 55
32 56
32 57
32 58
32 59
32 60
32 61
32 64
32 67
32 71
32 72
32 73
32 75
32 76
32 78
33 34
33 37
33 38
33 40
33 43
33 44
33 45
33 47
33 48
33 49
33 53
33 55
33 56
33 57
33 63
33 64
33 66
33 67
33 68
33 69
33 70
33 72
33 74
33 75
33 77
33 78
34 36
34 38
34 39
34 41
34 43
34 44
34 45
34 47
34 49
34 50
34 51
34 54
34 56
34 57
34 58
34 59
34 64
34 67
34 69
34 73
34 76
34 78
34 79
35 37
35 38
35 39
35 41
35 42
35 43
35 44
35 46
35 49
35 51
35 52
35 54
35 57
35 58
35 59
35 60
35 62
35 63
35 64
35 66
35 67
35 69
35 70
35 72
35 74
35 76
35 78
36 40
36 41
36 42
36 43
36 44
36 46
36 47
36 48
36 49
36 51
36 52
36 53
36 54
36 55
36 58
36 60
36 64
36 67
36 69
36 70
36 71
36 72
36 73
36 76
36 77
36 78
36 79
37 38
37 39
37 40
37 43
37 44
37 49
37 50
37 51
37 53
37 55
37 58
37 59
37 61
37 62
37 64
37 66
37 67
37 73
37 78
38 39
38 42
38 44
38 47
38 48
38 52
38 53
38 54
38 57
38 66
38 67
38 68
38 69
38 72
38 74
38 76
38 77
39 40
39 42
39 43
39 49
39 53
39 54
39 55
39 56
39 58
39 59
39 60
39 61
39 62
39 63
39 68
39 70
39 72
39 73
39 75
39 77
39 78
39 79
40 41
40 42
40 45
40 48
40 49
40 50
40 52
40 55
40 58
40 60
40 61
40 64
40 66
40 67
40 68
40 69
40 73
40 75
40 76
40 78
40 79
41 42
41 43
41 47
41 49
41 50
41 51
41 53
41 54
41 55
41 58
41 59
41 61
41 62
41 63
41 65
41 66
41 68
41 69
41 70
41 72
41 74
41 75
41 77
41 79
42 44
42 45
42 47
42 49
42 50
42 53
42 55
42 58
42 60
42 61
42 62
42 64
42 67
42 68
42 70
42 71
42 74
42 76
42 77
43 44
43 47
43 48
43 52
43 53
43 54
43 55
43 56
43 58
43 59
43 60
43 61
43 63
43 66
43 69
43 70
43 71
43 72
43 73
43 74
43 76
43 78
43 79
44 45
44 46
44 47
44 48
44 49
44 50
44 52
44 54
44 55
44 58
44 60
44 64
44 66
44 67
44 68
44 72
44 79
45 46
45 47
45 50
45 51
45 52
45 53
45 54
45 57
45 59
45 61
45 63
45 64
45 65
45 66
45 73
45 74
45 75
45 76
45 78
46 49
46 51
46 54
46 57
46 60
46 62
46 63
46 64
46 65
46 66
46 69
46 70
46 71
46 79
47 50
47 52
47 53
47 54
47 57
47 58
47 59
47 62
47 69
47 70
47 71
47 72
47 73
47 74
47 77
47 78
47 79
48 56
48 58
48 62
48 64
48 66
48 67
48 68
48 69
48 70
48 73
48 76
48 79
49 50
49 54
49 55
49 57
49 58
49 61
49 63
49 66
49 67
49 69
49 70
49 71
49 72
49 73
49 74
49 75
49 76
50 52
50 53
50 54
50 55
50 56
50 57
50 58
50 60
50 65
50 67
50 68
50 71
50 74
50 75
50 76
50 79
51 53
51 54
51 55
51 58
51 59
51 61
51 64
51 65
51 66
51 69
51 70
51 71
51 75
51 77
52 54
52 56
52 60
52 68
52 69
52 72
52 75
52 77
53 55
53 56
53 57
53 58
53 60
53 63
53 64
53 65
53 66
53 67
53 68
53 70
53 71
53 72
53 76
53 77
53 79
54 56
54 58
54 62
54 63
54 66
54 69
54 71
54 72
54 73
54 78
54 79
55 56
55 57
55 58
55 59
55 61
55 64
55 65
55 68
55 72
55 73
55 75
56 57
56 58
56 59
56 66
56 69
56 70
56 71
56 72
56 73
56 74
56 75
56 77
56 78
56 79
57 58
57 60
57 61
57 63
57 64
57 66
57 67
57 68
57 69
57 71
57 72
57 74
57 79
58 59
58 60
58 63
58 68
58 69
58 72
58 73
58 75
58 77
59 62
59 63
59 64
59 68
59 69
59 70
59 71
59 77
60 63
60 64
60 65
60 66
60 69
60 75
60 78
61 67
61 69
61 70
61 72
61 73
61 75
61 77
61 79
62 63
62 65
62 68
62 69
62 70
62 71
62 76
62 79
63 64
63 65
63 66
63 70
63 72
63 73
63 74
63 79
64 65
64 67
64 73
64 74
64 76
64 78
65 66
65 69
65 71
65 72
65 74
65 75
65 76
65 77
66 67
66 69
66 70
66 71
66 74
66 76
66 77
67 69
67 70
67 77
67 78
67 79
68 69
68 70
68 71
68 72
68 75
68 78
69 71
69 75
69 78
70 73
70 75
71 72
71 76
71 79
72 73
72 76
72 77
72 78
72 79
73 75
73 78
73 79
74 76
74 77
74 78
75 76
77 79
