25
0 1
0 2
0 5
0 6
0 7
0 9
0 13
0 14
0 18
0 20
0 21
0 22
1 2
1 3
1 4
1 5
1 7
1 11
1 13
1 14
1 15
1 16
1 17
1 18
1 20
1 21
1 23
2 5
2 8
2 9
2 10
2 11
2 12
2 14
2 15
2 17
2 21
2 22
2 23
3 4
3 5
3 9
3 11
3 14
3 15
3 17
3 19
3 21
3 22
3 23
3 24
4 5
4 6
4 7
4 8
4 9
4 11
4 13
4 15
4 18
4 19
4 20
4 21
5 7
5 10
5 11
5 13
5 14
5 16
5 17
5 18
5 19
5 20
5 23
6 7
6 8
6 10
6 12
6 13
6 16
6 17
6 18
6 20
7 16
7 17
7 20
7 21
7 23
8 10
8 12
8 13
8 14
8 18
8 20
8 21
8 23
8 24
9 16
9 17
9 19
9 24
10 11
10 12
10 15
10 17
10 18
10 19
10 20
10 21
11 16
11 17
11 18
11 22
11 23
11 24
12 14
12 15
12 20
12 24
13 14
13 18
13 21
13 22
13 23
14 16
14 17
14 19
15 16
15 17
15 18
15 19
15 20
15 21
15 22
15 23
16 19
16 24
17 19
17 21
18 19
18 20
18 22
18 23
19 21
19 22
19 23
20 23
22 23
22 24
23 24
