25
0 3
0 5
0 6
0 7
0 11
0 12
0 13
0 15
0 17
0 19
0 20
0 21
0 22
0 24
1 4
1 6
1 12
1 13
1 15
1 17
1 18
1 24
2 3
2 5
2 6
2 7
2 11
2 12
2 15
2 16
2 18
2 19
2 21
2 22
2 23
2 24
3 4
3 6
3 9
3 10
3 11
3 12
3 15
3 19
3 20
3 22
3 24
4 5
4 11
4 18
4 20
4 22
4 24
5 6
5 7
5 8
5 11
5 13
5 15
5 17
5 22
5 24
6 7
6 10
6 11
6 12
6 18
6 21
6 23
6 24
7 8
7 9
7 13
7 15
7 16
7 17
7 19
7 20
7 22
7 23
7 24
8 9
8 11
8 15
8 17
8 18
9 12
9 14
9 15
9 17
9 19
9 20
9 21
9 22
9 23
10 11
10 13
10 15
10 16
10 17
10 18
10 21
10 23
11 13
11 14
11 15
11 20
12 15
12 16
12 17
12 20
12 22
13 14
13 15
13 18
13 19
13 20
13 22
13 23
14 15
14 16
14 22
14 23
14 24
15 18
15 19
15 20
15 21
15 23
15 24
16 17
16 18
16 22
16 23
17 18
17 19
17 20
17 21
17 23
17 24
18 19
18 20
18 21
18 22
19 21
20 21
20 24
21 22
21 23
22 24
