25
0 3
0 4
0 6
0 7
0 11
0 12
0 19
0 21
0 24
1 4
1 6
1 9
1 10
1 14
1 15
1 16
1 17
1 18
1 19
1 23
2 5
2 8
2 9
2 12
2 14
2 15
2 16
2 17
2 19
2 20
2 21
2 22
3 5
3 8
3 11
3 12
3 13
3 16
3 17
3 19
3 20
3 24
4 9
4 10
4 11
4 12
4 14
4 15
4 17
4 22
4 23
5 6
5 7
5 8
5 9
5 14
5 15
5 18
5 22
5 23
6 7
6 8
6 9
6 10
6 11
6 18
6 19
6 21
6 23
7 8
7 10
7 11
7 12
7 13
7 15
7 17
7 18
7 20
7 23
7 24
8 9
8 10
8 12
8 14
8 15
8 17
8 20
8 21
8 22
8 24
9 10
9 12
9 13
9 15
9 16
9 17
9 22
9 23
10 12
10 14
10 15
10 17
10 18
10 22
10 23
10 24
11 14
11 15
11 17
11 20
11 23
11 24
12 13
12 14
12 15
12 17
12 18
12 23
12 24
13 14
13 16
13 17
13 19
13 21
14 17
14 18
14 24
15 19
15 24
16 17
16 19
16 20
16 21
16 22
16 23
16 24
17 18
17 19
17 21
17 22
17 23
17 24
18 19
18 20
18 22
19 21
19 22
20 21
20 22
21 23
