25
0 1
0 3
0 5
0 7
0 8
0 10
0 12
0 17
0 18
0 19
0 22
0 24
1 2
1 6
1 7
1 8
1 11
1 12
1 15
1 17
1 20
1 22
1 24
2 4
2 9
2 12
2 13
2 14
2 15
2 16
2 17
2 18
2 21
2 22
3 4
3 5
3 6
3 10
3 12
3 14
3 15
3 16
3 21
4 6
4 10
4 11
4 13
4 14
4 17
4 18
4 19
4 20
4 24
5 6
5 7
5 8
5 9
5 11
5 12
5 13
5 15
5 17
5 18
5 19
5 20
6 7
6 8
6 9
6 10
6 12
6 14
6 15
6 17
7 11
7 12
7 13
7 14
7 19
7 21
7 22
7 24
8 9
8 11
8 17
8 21
9 10
9 11
9 14
9 15
9 16
9 19
9 20
9 23
9 24
10 12
10 15
10 20
10 22
10 23
10 24
11 13
11 14
11 21
11 22
11 23
12 13
12 14
12 15
12 16
12 17
12 21
13 16
13 17
13 18
13 19
13 22
13 23
14 18
14 19
14 20
14 21
14 22
15 17
15 18
15 19
15 21
15 22
15 24
16 17
16 18
16 19
16 20
16 21
16 22
16 23
17 19
17 21
17 22
18 19
18 20
18 21
18 22
18 23
19 20
19 21
19 23
20 21
20 22
20 23
21 22
