25
0 1
0 2
0 3
0 4
0 7
0 8
0 9
0 10
0 12
0 13
0 15
0 16
0 17
0 19
0 23
0 24
1 3
1 4
1 5
1 6
1 7
1 10
1 15
1 16
1 17
1 19
1 20
1 21
1 22
2 5
2 9
2 10
2 13
2 15
2 18
2 20
2 21
2 23
2 24
3 5
3 7
3 8
3 10
3 11
3 13
3 14
3 16
3 20
3 21
3 22
3 23
3 24
4 6
4 7
4 15
4 16
4 17
4 21
4 22
4 23
5 6
5 7
5 9
5 15
5 16
5 19
5 21
5 22
5 23
5 24
6 7
6 13
6 16
6 17
6 18
7 9
7 10
7 12
7 14
7 16
7 17
7 20
7 21
7 22
7 23
8 10
8 17
8 23
9 11
9 12
9 13
9 14
9 16
9 18
10 11
10 12
10 18
10 19
10 21
11 17
11 18
11 20
11 21
11 23
11 24
12 13
12 15
12 16
12 17
12 18
12 20
12 22
13 16
13 17
13 18
13 19
13 20
13 21
13 22
13 24
14 16
14 17
14 18
14 20
14 21
14 24
15 16
15 19
15 20
15 22
15 24
16 19
16 20
16 21
16 22
17 18
17 19
17 22
17 23
18 19
18 21
18 22
18 24
19 20
19 23
20 21
20 22
20 24
21 22
23 24
