25
0 2
0 6
0 7
0 9
0 16
0 17
0 18
0 19
0 20
0 21
0 22
0 23
1 3
1 4
1 5
1 7
1 10
1 12
1 13
1 15
1 17
1 22
1 23
2 3
2 4
2 5
2 6
2 7
2 8
2 10
2 11
2 15
2 16
2 19
2 21
2 23
3 4
3 5
3 7
3 12
3 13
3 21
3 22
3 23
4 5
4 6
4 11
4 12
4 14
4 17
4 19
4 22
4 24
5 7
5 10
5 12
5 15
5 16
5 17
5 18
5 19
5 21
5 22
5 23
6 10
6 13
6 14
6 15
6 19
6 20
6 24
7 8
7 10
7 11
7 12
7 13
7 17
7 19
7 21
7 23
8 9
8 11
8 12
8 13
8 15
8 18
8 19
8 21
8 22
8 24
9 13
9 15
9 18
9 19
9 20
9 21
9 22
9 24
10 11
10 12
10 14
10 16
10 19
10 23
11 14
11 16
11 17
11 18
11 22
12 13
12 16
12 17
12 19
12 22
12 23
13 15
13 19
13 22
13 24
14 19
14 20
14 23
14 24
15 16
15 17
15 19
15 21
15 22
16 17
16 19
16 21
16 23
16 24
17 18
17 19
17 21
17 22
17 23
18 19
18 21
18 22
18 23
19 21
19 23
19 24
20 22
20 24
21 24
22 23
23 24
