25
0 1
0 2
0 3
0 4
0 9
0 10
0 11
0 13
0 14
0 16
0 17
0 21
0 22
0 23
0 24
1 2
1 3
1 5
1 7
1 12
1 14
1 16
1 18
1 19
1 23
1 24
2 4
2 5
2 6
2 7
2 8
2 9
2 10
2 12
2 14
2 17
2 21
2 22
3 5
3 9
3 11
3 12
3 18
3 19
3 20
3 21
3 24
4 8
4 9
4 10
4 12
4 15
4 17
4 18
4 19
4 21
5 6
5 8
5 9
5 11
5 12
5 13
5 14
5 15
5 20
5 21
5 22
5 24
6 7
6 8
6 9
6 12
6 13
6 20
6 22
6 24
7 8
7 9
7 11
7 12
7 13
7 16
7 18
7 21
7 24
8 9
8 10
8 11
8 12
8 17
8 19
8 20
8 21
8 23
9 13
10 13
10 15
10 16
10 19
10 20
10 22
10 23
11 16
11 17
11 18
11 22
11 23
12 14
12 15
12 16
12 19
12 21
12 22
12 24
13 14
13 15
13 17
13 18
13 19
13 20
13 22
13 23
14 18
14 20
14 22
14 23
15 17
15 21
15 23
16 17
16 18
16 21
16 23
16 24
17 18
17 19
17 21
17 23
18 24
19 20
19 21
19 22
19 24
20 21
20 22
20 23
20 24
21 24
22 23
23 24
