25
0 1
0 2
0 3
0 4
0 7
0 8
0 12
0 13
0 14
0 16
0 17
0 18
0 20
0 23
1 2
1 3
1 4
1 7
1 10
1 11
1 16
1 19
1 21
1 23
1 24
2 3
2 4
2 5
2 6
2 7
2 8
2 9
2 12
2 14
2 15
2 17
2 19
2 20
2 22
3 5
3 7
3 9
3 10
3 13
3 16
3 19
3 20
3 21
3 22
4 5
4 7
4 9
4 11
4 16
4 17
4 23
4 24
5 8
5 10
5 11
5 13
5 14
5 17
5 18
5 19
5 24
6 7
6 8
6 11
6 12
6 14
6 15
6 18
6 20
6 21
6 22
7 9
7 11
7 12
7 14
7 17
7 19
7 21
7 24
8 9
8 10
8 12
8 13
8 14
8 15
8 17
8 18
8 19
8 21
8 22
8 24
9 10
9 11
9 13
9 14
9 18
9 19
9 23
10 12
10 14
10 15
10 23
10 24
11 12
11 15
11 18
11 22
12 13
12 15
12 16
12 18
12 20
12 24
13 15
13 16
13 19
13 21
13 22
14 15
14 19
14 22
14 24
15 16
15 17
15 19
15 22
15 23
15 24
16 17
16 19
16 20
16 22
16 23
16 24
17 19
17 21
18 19
18 21
18 23
18 24
19 20
19 21
19 23
19 24
22 23
