25
0 2
0 4
0 6
0 7
0 8
0 10
0 11
0 12
0 13
0 18
0 22
0 24
1 3
1 4
1 5
1 7
1 11
1 15
1 19
1 21
1 23
1 24
2 4
2 5
2 6
2 7
2 9
2 10
2 11
2 14
2 17
2 18
2 19
2 20
2 23
3 6
3 8
3 10
3 16
3 17
3 19
3 20
3 21
3 22
3 23
3 24
4 5
4 6
4 7
4 8
4 9
4 10
4 11
4 15
4 16
4 18
4 19
4 24
5 7
5 8
5 10
5 11
5 13
5 15
5 18
5 19
5 22
6 7
6 8
6 10
6 11
6 12
6 13
6 14
6 15
6 16
6 18
6 19
6 20
6 22
7 12
7 13
7 14
7 15
7 18
7 19
7 20
7 22
7 24
8 16
8 19
9 10
9 21
9 23
9 24
10 11
10 13
10 15
10 17
10 18
10 20
10 21
10 22
10 24
11 12
11 14
11 16
11 17
11 19
11 21
12 13
12 17
12 18
12 20
13 15
13 18
13 19
13 20
13 24
14 16
14 17
14 21
14 23
15 18
15 19
15 20
15 21
15 22
15 23
16 17
16 18
16 20
16 22
16 23
17 18
17 20
17 22
17 23
17 24
18 19
18 20
18 21
19 20
19 23
19 24
20 21
21 23
21 24
22 23
22 24
