100
0 3
0 11
0 13
0 16
0 17
0 21
0 22
0 25
0 27
0 28
0 31
0 32
0 33
0 35
0 39
0 41
0 42
0 45
0 51
0 54
0 56
0 58
0 59
0 62
0 63
0 68
0 71
0 72
0 75
0 76
0 85
0 87
0 94
0 97
1 2
1 6
1 8
1 10
1 12
1 15
1 18
1 19
1 21
1 22
1 27
1 32
1 33
1 34
1 41
1 42
1 46
1 49
1 52
1 54
1 63
1 72
1 79
1 82
1 83
1 84
1 89
1 95
1 99
2 4
2 11
2 15
2 21
2 22
2 23
2 27
2 29
2 30
2 32
2 35
2 36
2 37
2 38
2 44
2 48
2 57
2 61
2 65
2 66
2 67
2 71
2 74
2 76
2 78
2 83
2 88
2 90
2 92
2 93
2 98
3 16
3 18
3 21
3 23
3 25
3 27
3 32
3 33
3 34
3 35
3 37
3 38
3 39
3 41
3 45
3 47
3 48
3 50
3 53
3 55
3 61
3 64
3 67
3 68
3 73
3 81
3 83
3 87
3 90
3 96
4 6
4 9
4 20
4 21
4 26
4 27
4 28
4 32
4 33
4 36
4 44
4 46
4 50
4 53
4 54
4 56
4 58
4 64
4 65
4 70
4 72
4 74
4 75
4 79
4 82
4 85
4 88
4 96
4 99
5 8
5 9
5 15
5 16
5 17
5 19
5 23
5 25
5 26
5 34
5 38
5 42
5 45
5 49
5 51
5 53
5 58
5 59
5 61
5 65
5 67
5 69
5 80
5 81
5 86
5 90
5 92
5 94
5 96
6 7
6 10
6 16
6 21
6 22
6 23
6 25
6 37
6 39
6 42
6 48
6 50
6 53
6 59
6 60
6 63
6 74
6 76
6 79
6 88
6 90
6 94
6 95
6 99
7 8
7 11
7 13
7 23
7 24
7 27
7 29
7 33
7 37
7 40
7 46
7 50
7 54
7 61
7 62
7 64
7 67
7 69
7 74
7 76
7 78
7 83
7 84
7 88
7 89
7 93
8 11
8 13
8 15
8 17
8 21
8 22
8 23
8 24
8 30
8 37
8 39
8 45
8 50
8 57
8 64
8 66
8 70
8 74
8 75
8 76
8 80
8 82
8 86
8 90
8 95
8 96
8 98
9 10
9 11
9 17
9 18
9 20
9 23
9 29
9 30
9 37
9 45
9 46
9 54
9 55
9 56
9 62
9 63
9 64
9 71
9 72
9 73
9 75
9 78
9 79
9 86
9 96
9 97
9 99
10 26
10 27
10 28
10 30
10 33
10 35
10 42
10 46
10 47
10 50
10 54
10 61
10 67
10 68
10 69
10 71
10 72
10 88
10 94
11 14
11 22
11 28
11 29
11 38
11 40
11 43
11 52
11 57
11 62
11 64
11 68
11 71
11 77
11 78
11 79
11 82
11 84
11 85
11 86
11 89
11 91
11 93
12 13
12 18
12 22
12 23
12 24
12 26
12 28
12 30
12 32
12 34
12 37
12 38
12 40
12 41
12 47
12 51
12 56
12 57
12 65
12 68
12 69
12 79
12 80
12 88
12 90
12 92
12 94
12 99
13 14
13 15
13 16
13 18
13 19
13 21
13 23
13 25
13 30
13 37
13 39
13 46
13 50
13 52
13 54
13 56
13 58
13 60
13 61
13 63
13 64
13 65
13 69
13 70
13 71
13 73
13 76
13 77
13 78
13 81
13 82
13 85
13 87
13 88
13 89
13 92
13 93
13 95
14 18
14 21
14 22
14 29
14 33
14 34
14 35
14 40
14 42
14 45
14 50
14 51
14 59
14 62
14 66
14 69
14 70
14 78
14 79
14 83
14 88
14 89
14 91
14 93
14 95
15 16
15 18
15 21
15 25
15 34
15 38
15 42
15 43
15 49
15 52
15 54
15 55
15 57
15 58
15 62
15 63
15 65
15 66
15 68
15 72
15 76
15 84
15 85
15 86
15 88
15 89
15 90
15 94
15 95
15 96
15 97
16 18
16 20
16 38
16 39
16 40
16 42
16 43
16 44
16 50
16 53
16 54
16 58
16 62
16 63
16 64
16 65
16 66
16 70
16 75
16 78
16 80
16 82
16 83
16 91
16 92
16 93
16 94
17 18
17 26
17 30
17 31
17 37
17 38
17 42
17 43
17 46
17 48
17 55
17 57
17 59
17 60
17 61
17 63
17 64
17 69
17 72
17 76
17 80
17 82
17 85
17 88
17 89
17 90
17 94
17 96
17 99
18 22
18 25
18 29
18 37
18 39
18 46
18 51
18 57
18 58
18 62
18 65
18 68
18 69
18 71
18 74
18 76
18 77
18 79
18 81
18 85
18 90
18 96
18 98
19 22
19 26
19 28
19 32
19 33
19 35
19 43
19 46
19 48
19 49
19 50
19 51
19 53
19 60
19 63
19 65
19 68
19 69
19 70
19 78
19 80
19 81
19 85
19 86
19 87
19 94
19 97
20 23
20 24
20 29
20 33
20 36
20 46
20 52
20 57
20 59
20 68
20 69
20 72
20 73
20 76
20 79
20 80
20 82
20 90
20 93
20 94
20 95
20 97
21 29
21 31
21 32
21 35
21 39
21 40
21 41
21 45
21 48
21 54
21 56
21 68
21 73
21 75
21 76
21 78
21 79
21 81
21 82
21 86
21 87
21 95
21 98
21 99
22 23
22 24
22 26
22 30
22 31
22 33
22 34
22 39
22 40
22 46
22 49
22 53
22 54
22 55
22 57
22 59
22 64
22 68
22 69
22 73
22 74
22 75
22 77
22 87
22 92
23 24
23 25
23 27
23 30
23 33
23 35
23 37
23 47
23 50
23 55
23 58
23 65
23 83
23 88
23 90
23 96
23 97
24 27
24 30
24 34
24 42
24 44
24 49
24 50
24 60
24 63
24 64
24 71
24 72
24 73
24 76
24 81
24 82
24 88
24 91
24 92
24 96
25 26
25 27
25 32
25 33
25 37
25 38
25 43
25 44
25 46
25 49
25 51
25 58
25 59
25 61
25 62
25 63
25 69
25 70
25 72
25 79
25 81
25 82
25 92
25 93
25 96
25 98
26 28
26 29
26 35
26 36
26 39
26 41
26 43
26 51
26 57
26 58
26 59
26 61
26 78
26 79
26 80
26 91
26 95
27 31
27 35
27 41
27 46
27 48
27 56
27 59
27 65
27 67
27 71
27 72
27 73
27 75
27 76
27 80
27 81
27 82
27 86
27 87
27 88
27 89
27 92
27 97
28 29
28 33
28 34
28 39
28 41
28 44
28 47
28 49
28 51
28 52
28 55
28 57
28 58
28 63
28 66
28 67
28 74
28 76
28 80
28 89
28 93
28 98
29 34
29 35
29 36
29 44
29 45
29 47
29 49
29 52
29 57
29 59
29 60
29 61
29 72
29 73
29 75
29 76
29 78
29 79
29 81
29 82
29 87
29 88
29 91
29 92
30 31
30 32
30 33
30 35
30 37
30 41
30 42
30 48
30 53
30 55
30 58
30 60
30 77
30 81
30 82
30 87
30 88
30 94
30 96
30 97
30 99
31 37
31 38
31 44
31 46
31 47
31 50
31 51
31 55
31 70
31 76
31 78
31 80
31 82
31 86
31 89
31 91
31 99
32 34
32 35
32 36
32 49
32 52
32 55
32 56
32 63
32 71
32 73
32 74
32 75
32 79
32 82
32 83
32 84
32 85
32 90
32 94
32 95
32 96
33 34
33 41
33 49
33 50
33 56
33 65
33 67
33 69
33 73
33 74
33 75
33 80
33 81
33 85
33 92
33 95
34 37
34 40
34 45
34 47
34 48
34 51
34 56
34 60
34 66
34 68
34 69
34 73
34 75
34 79
34 84
34 93
34 94
35 36
35 39
35 41
35 42
35 46
35 47
35 48
35 49
35 52
35 58
35 64
35 65
35 66
35 68
35 69
35 71
35 72
35 75
35 81
35 83
35 84
35 89
35 91
35 92
35 94
35 97
35 99
36 38
36 39
36 40
36 42
36 49
36 56
36 57
36 60
36 67
36 69
36 80
36 81
36 83
36 85
36 90
36 91
36 93
36 99
37 44
37 46
37 47
37 49
37 52
37 55
37 58
37 59
37 60
37 63
37 67
37 68
37 72
37 74
37 79
37 83
37 86
37 88
37 91
37 96
37 98
38 41
38 45
38 54
38 58
38 61
38 63
38 65
38 68
38 70
38 71
38 78
38 81
38 82
38 84
38 86
38 89
38 90
38 91
38 95
39 40
39 41
39 47
39 49
39 50
39 51
39 61
39 64
39 65
39 67
39 69
39 73
39 75
39 77
39 82
39 86
39 87
39 91
39 95
40 42
40 49
40 50
40 52
40 53
40 57
40 59
40 66
40 67
40 69
40 70
40 81
40 91
40 95
40 96
40 97
40 98
41 42
41 48
41 52
41 53
41 55
41 56
41 63
41 67
41 70
41 72
41 74
41 80
41 85
41 87
41 89
41 90
41 93
41 94
42 46
42 51
42 52
42 58
42 61
42 63
42 65
42 67
42 69
42 70
42 71
42 74
42 80
42 81
42 82
42 88
42 89
42 92
42 95
42 96
42 98
43 45
43 48
43 50
43 51
43 57
43 60
43 61
43 63
43 65
43 70
43 75
43 77
43 78
43 80
43 85
43 87
43 91
43 94
43 98
44 45
44 46
44 47
44 53
44 54
44 58
44 61
44 69
44 72
44 79
44 82
44 84
44 85
44 88
44 89
44 93
45 59
45 60
45 64
45 66
45 70
45 72
45 77
45 78
45 80
45 83
45 91
45 93
45 95
45 96
46 53
46 55
46 58
46 60
46 66
46 71
46 72
46 83
46 87
46 94
46 96
46 98
46 99
47 48
47 51
47 55
47 56
47 63
47 64
47 67
47 68
47 82
47 83
47 84
47 85
47 86
47 88
48 50
48 51
48 53
48 55
48 58
48 60
48 64
48 65
48 67
48 70
48 73
48 77
48 79
48 81
48 82
48 83
48 89
48 95
49 54
49 55
49 56
49 57
49 58
49 59
49 60
49 62
49 63
49 64
49 66
49 67
49 71
49 74
49 75
49 79
49 82
49 85
49 86
49 90
49 92
49 93
49 95
49 96
49 99
50 51
50 54
50 57
50 58
50 60
50 61
50 63
50 71
50 75
50 76
50 78
50 80
50 81
50 90
50 99
51 54
51 59
51 61
51 67
51 72
51 75
51 77
51 78
51 80
51 88
51 89
51 92
51 98
52 62
52 63
52 64
52 67
52 68
52 73
52 75
52 78
52 94
52 96
53 54
53 55
53 57
53 60
53 62
53 75
53 76
53 78
53 79
53 80
53 82
53 83
53 86
53 89
53 93
53 97
53 98
53 99
54 56
54 61
54 63
54 64
54 69
54 72
54 76
54 79
54 85
54 89
54 92
54 94
54 95
55 58
55 63
55 64
55 65
55 76
55 77
55 80
55 82
55 85
55 87
55 88
55 91
55 92
55 93
55 96
55 97
56 59
56 70
56 72
56 81
56 85
56 86
56 87
56 88
56 90
56 92
56 93
56 99
57 58
57 66
57 69
57 72
57 79
57 87
57 88
57 94
57 95
57 97
58 60
58 61
58 63
58 65
58 67
58 68
58 73
58 74
58 75
58 80
58 83
58 85
58 86
58 87
58 88
58 90
58 95
58 97
58 99
59 61
59 72
59 81
59 83
59 85
59 89
59 92
59 93
59 95
59 97
60 62
60 69
60 76
60 78
60 82
60 85
60 89
60 92
60 96
60 98
61 62
61 64
61 66
61 68
61 76
61 79
61 82
61 83
61 89
61 95
61 96
62 69
62 71
62 88
62 91
62 92
62 95
63 65
63 66
63 71
63 75
63 78
63 79
63 81
63 82
63 83
63 85
63 90
63 92
63 93
64 65
64 69
64 70
64 72
64 79
64 81
64 83
64 85
64 86
64 95
64 97
64 98
65 70
65 71
65 83
65 87
65 92
65 94
66 68
66 92
66 93
66 95
67 80
67 84
67 88
67 89
67 91
67 95
67 97
68 72
68 75
68 76
68 77
68 84
68 85
68 88
68 94
68 96
68 97
68 98
69 74
69 75
69 86
69 88
69 89
69 92
69 95
69 96
70 71
70 72
70 77
70 80
70 81
70 84
70 87
70 91
70 95
70 98
70 99
71 72
71 73
71 77
71 79
71 82
71 85
71 90
71 92
72 73
72 77
72 82
72 83
72 85
72 87
72 88
72 89
72 93
72 98
73 85
73 86
73 87
73 90
73 94
73 96
73 99
74 75
74 76
74 78
74 80
74 81
74 91
74 92
74 94
74 96
74 98
75 76
75 77
75 83
75 88
75 90
75 96
76 78
76 80
76 81
76 87
76 91
77 78
77 80
77 85
77 86
77 95
78 79
78 87
78 89
78 90
78 92
78 94
78 98
79 81
79 82
79 83
79 85
79 86
79 89
79 94
79 95
79 97
80 84
80 87
80 88
80 93
80 96
80 97
81 82
81 85
81 91
81 95
81 97
82 84
82 85
82 88
82 89
82 92
82 98
82 99
83 85
83 87
83 90
83 91
83 95
83 98
83 99
84 87
84 93
84 96
85 89
85 90
85 91
85 98
86 89
86 91
86 96
86 99
87 90
87 92
87 94
87 98
87 99
88 94
88 98
89 93
90 99
92 96
92 98
93 98
94 97
95 96
95 99
