120
0 6
0 11
0 12
0 13
0 17
0 20
0 24
0 25
0 26
0 27
0 29
0 30
0 31
0 33
0 35
0 36
0 37
0 38
0 39
0 41
0 43
0 44
0 45
0 46
0 48
0 49
0 52
0 53
0 55
0 57
0 58
0 62
0 65
0 66
0 67
0 71
0 77
0 78
0 81
0 82
0 88
0 89
0 90
0 91
0 98
0 99
0 100
0 102
0 103
0 104
0 107
0 110
0 112
0 115
0 118
1 2
1 3
1 4
1 5
1 6
1 7
1 11
1 13
1 15
1 16
1 20
1 21
1 22
1 27
1 28
1 34
1 37
1 39
1 41
1 46
1 47
1 51
1 53
1 56
1 58
1 59
1 60
1 61
1 62
1 63
1 64
1 69
1 70
1 72
1 74
1 77
1 78
1 80
1 81
1 85
1 86
1 87
1 89
1 90
1 91
1 93
1 99
1 106
1 107
1 109
1 110
1 111
1 115
1 117
2 6
2 9
2 10
2 17
2 22
2 33
2 35
2 37
2 39
2 40
2 41
2 54
2 57
2 60
2 61
2 63
2 65
2 66
2 67
2 69
2 70
2 74
2 77
2 80
2 81
2 85
2 97
2 102
2 105
2 107
2 109
2 111
2 113
2 115
2 116
2 117
2 118
3 7
3 10
3 12
3 13
3 16
3 17
3 20
3 22
3 27
3 31
3 33
3 35
3 37
3 41
3 48
3 49
3 50
3 52
3 53
3 57
3 58
3 59
3 60
3 63
3 65
3 66
3 69
3 72
3 75
3 77
3 80
3 85
3 88
3 92
3 96
3 101
3 104
3 112
3 114
3 115
3 117
4 7
4 8
4 26
4 27
4 28
4 30
4 32
4 34
4 37
4 39
4 42
4 43
4 44
4 48
4 53
4 57
4 58
4 59
4 60
4 64
4 65
4 66
4 70
4 72
4 81
4 82
4 83
4 89
4 90
4 92
4 97
4 99
4 102
4 104
4 105
4 108
4 110
4 111
4 116
4 119
5 7
5 8
5 14
5 15
5 16
5 18
5 28
5 40
5 41
5 43
5 45
5 47
5 48
5 53
5 55
5 61
5 75
5 77
5 82
5 87
5 94
5 97
5 101
5 102
5 104
5 112
5 115
5 116
6 8
6 9
6 10
6 11
6 15
6 20
6 21
6 22
6 24
6 25
6 28
6 29
6 31
6 32
6 37
6 39
6 40
6 43
6 61
6 63
6 66
6 70
6 74
6 75
6 79
6 81
6 82
6 83
6 101
6 103
6 107
6 109
6 110
6 112
6 113
6 114
6 116
7 8
7 10
7 13
7 17
7 21
7 23
7 31
7 37
7 42
7 43
7 44
7 47
7 49
7 50
7 54
7 55
7 57
7 61
7 64
7 68
7 69
7 72
7 74
7 75
7 76
7 79
7 81
7 85
7 88
7 90
7 92
7 93
7 94
7 98
7 102
7 103
7 104
7 108
7 110
7 113
7 117
7 118
7 119
8 11
8 12
8 17
8 22
8 24
8 29
8 31
8 34
8 36
8 37
8 42
8 46
8 55
8 58
8 61
8 63
8 65
8 69
8 73
8 79
8 80
8 83
8 86
8 89
8 91
8 93
8 94
8 95
8 97
8 102
8 105
8 106
8 108
8 111
8 112
8 115
8 116
9 11
9 12
9 14
9 18
9 25
9 27
9 28
9 32
9 33
9 39
9 43
9 44
9 46
9 48
9 50
9 54
9 69
9 70
9 71
9 74
9 81
9 83
9 88
9 98
9 99
9 102
9 107
9 108
9 116
10 12
10 15
10 18
10 20
10 21
10 22
10 26
10 28
10 30
10 34
10 40
10 44
10 46
10 48
10 51
10 56
10 60
10 65
10 67
10 69
10 72
10 73
10 76
10 77
10 80
10 81
10 84
10 85
10 87
10 89
10 96
10 98
10 102
10 103
10 104
10 109
10 113
10 116
10 118
11 13
11 15
11 16
11 17
11 18
11 21
11 23
11 27
11 34
11 36
11 39
11 40
11 41
11 43
11 44
11 45
11 47
11 49
11 51
11 54
11 60
11 61
11 63
11 66
11 69
11 76
11 77
11 83
11 88
11 89
11 92
11 95
11 97
11 100
11 101
11 102
11 104
11 106
11 116
11 118
12 15
12 16
12 17
12 25
12 28
12 30
12 32
12 34
12 35
12 37
12 38
12 43
12 44
12 45
12 50
12 53
12 57
12 58
12 59
12 66
12 67
12 69
12 73
12 81
12 82
12 83
12 84
12 90
12 91
12 97
12 98
12 100
12 102
12 103
12 105
12 108
12 109
12 111
12 112
12 113
12 116
12 117
13 17
13 18
13 21
13 23
13 25
13 33
13 36
13 38
13 39
13 43
13 44
13 47
13 51
13 52
13 53
13 55
13 59
13 60
13 62
13 64
13 66
13 74
13 80
13 83
13 84
13 85
13 89
13 93
13 94
13 98
13 101
13 110
13 117
13 118
14 15
14 17
14 18
14 20
14 22
14 25
14 27
14 29
14 33
14 35
14 37
14 39
14 41
14 42
14 45
14 46
14 49
14 51
14 59
14 65
14 67
14 68
14 71
14 75
14 76
14 79
14 81
14 83
14 87
14 89
14 90
14 92
14 96
14 102
14 108
14 109
14 110
14 112
14 114
14 116
15 16
15 17
15 18
15 19
15 20
15 24
15 25
15 34
15 44
15 45
15 46
15 52
15 57
15 59
15 60
15 62
15 66
15 67
15 68
15 70
15 71
15 73
15 74
15 75
15 77
15 78
15 83
15 84
15 85
15 89
15 104
15 105
15 107
15 108
15 109
15 113
15 114
16 18
16 20
16 23
16 25
16 26
16 30
16 32
16 34
16 36
16 37
16 40
16 42
16 47
16 51
16 59
16 60
16 61
16 62
16 63
16 68
16 73
16 83
16 85
16 89
16 95
16 102
16 103
16 110
16 114
16 115
16 117
17 18
17 23
17 32
17 34
17 38
17 39
17 40
17 41
17 43
17 45
17 46
17 47
17 55
17 56
17 64
17 65
17 67
17 69
17 71
17 74
17 91
17 93
17 94
17 95
17 104
17 106
17 107
17 109
17 113
17 115
18 20
18 22
18 23
18 24
18 26
18 29
18 32
18 35
18 42
18 43
18 45
18 51
18 52
18 54
18 58
18 60
18 61
18 62
18 64
18 65
18 67
18 68
18 71
18 73
18 75
18 78
18 79
18 82
18 83
18 85
18 86
18 90
18 96
18 98
18 99
18 106
18 111
18 117
18 118
19 21
19 24
19 28
19 29
19 31
19 32
19 33
19 35
19 36
19 41
19 46
19 49
19 55
19 57
19 63
19 67
19 71
19 77
19 79
19 80
19 82
19 86
19 93
19 95
19 96
19 98
19 100
19 101
19 103
19 104
19 106
19 108
19 109
19 112
19 113
19 116
19 118
19 119
20 22
20 26
20 29
20 30
20 31
20 38
20 39
20 42
20 46
20 48
20 50
20 54
20 55
20 56
20 59
20 60
20 64
20 73
20 75
20 80
20 85
20 89
20 92
20 93
20 95
20 100
20 103
20 105
20 112
20 114
20 118
20 119
21 24
21 27
21 34
21 37
21 38
21 47
21 51
21 56
21 61
21 64
21 68
21 71
21 73
21 75
21 77
21 78
21 81
21 82
21 85
21 89
21 90
21 91
21 96
21 108
21 109
21 113
21 114
21 116
21 118
22 26
22 30
22 35
22 39
22 44
22 46
22 48
22 52
22 55
22 59
22 60
22 62
22 64
22 65
22 66
22 68
22 71
22 73
22 74
22 75
22 76
22 79
22 81
22 83
22 84
22 86
22 87
22 97
22 98
22 109
22 117
22 118
23 24
23 25
23 31
23 36
23 38
23 46
23 48
23 50
23 52
23 54
23 58
23 63
23 65
23 71
23 76
23 80
23 82
23 86
23 88
23 89
23 91
23 93
23 94
23 95
23 96
23 97
23 98
23 99
23 103
23 105
23 109
23 110
23 112
23 113
23 115
23 117
23 119
24 25
24 35
24 39
24 40
24 42
24 44
24 45
24 46
24 48
24 49
24 53
24 54
24 55
24 56
24 58
24 68
24 69
24 71
24 72
24 77
24 79
24 82
24 87
24 88
24 89
24 91
24 93
24 95
24 96
24 101
24 103
24 106
24 113
24 115
24 119
25 26
25 27
25 29
25 31
25 32
25 36
25 37
25 40
25 42
25 44
25 47
25 51
25 52
25 59
25 60
25 62
25 65
25 66
25 69
25 70
25 72
25 76
25 79
25 81
25 87
25 88
25 98
25 99
25 101
25 102
25 103
25 105
25 112
25 113
26 28
26 30
26 32
26 34
26 35
26 43
26 45
26 49
26 50
26 52
26 55
26 57
26 60
26 63
26 67
26 69
26 70
26 75
26 80
26 81
26 84
26 91
26 93
26 94
26 96
26 97
26 100
26 101
26 109
26 117
26 118
27 31
27 32
27 36
27 37
27 40
27 41
27 43
27 52
27 53
27 54
27 56
27 59
27 60
27 61
27 63
27 69
27 71
27 74
27 77
27 82
27 85
27 86
27 87
27 92
27 98
27 100
27 103
27 105
27 106
27 107
27 111
27 113
28 29
28 33
28 44
28 52
28 53
28 60
28 61
28 65
28 71
28 72
28 82
28 83
28 84
28 85
28 86
28 90
28 98
28 100
28 106
28 107
28 109
28 111
28 112
28 114
28 116
28 117
28 118
29 35
29 39
29 41
29 42
29 46
29 56
29 58
29 59
29 60
29 62
29 63
29 69
29 71
29 74
29 77
29 84
29 88
29 94
29 98
29 99
29 100
29 101
29 103
29 105
29 106
30 40
30 41
30 44
30 45
30 47
30 49
30 51
30 52
30 53
30 58
30 67
30 69
30 74
30 80
30 85
30 86
30 89
30 91
30 94
30 97
30 101
30 103
30 106
30 108
30 111
30 113
30 115
30 116
30 118
31 38
31 40
31 44
31 46
31 49
31 50
31 51
31 53
31 60
31 65
31 66
31 70
31 77
31 80
31 81
31 84
31 85
31 87
31 88
31 89
31 91
31 92
31 93
31 94
31 95
31 99
31 101
31 108
31 109
31 113
31 115
31 116
32 34
32 35
32 40
32 42
32 51
32 55
32 58
32 60
32 62
32 64
32 67
32 68
32 72
32 77
32 78
32 81
32 82
32 84
32 88
32 89
32 93
32 102
32 107
32 110
32 112
32 113
32 117
33 34
33 35
33 36
33 39
33 42
33 44
33 45
33 46
33 47
33 50
33 56
33 57
33 62
33 72
33 76
33 82
33 86
33 90
33 92
33 93
33 94
33 95
33 97
33 103
33 110
33 111
33 112
33 114
34 37
34 38
34 44
34 45
34 46
34 49
34 52
34 53
34 55
34 57
34 63
34 66
34 67
34 69
34 71
34 79
34 81
34 82
34 86
34 90
34 91
34 92
34 93
34 97
34 99
34 102
34 104
34 108
34 110
34 112
34 118
35 42
35 45
35 46
35 48
35 49
35 54
35 55
35 59
35 64
35 73
35 79
35 86
35 94
35 96
35 105
35 108
35 110
35 111
36 39
36 43
36 47
36 48
36 54
36 55
36 58
36 62
36 64
36 66
36 68
36 73
36 75
36 77
36 78
36 80
36 85
36 90
36 92
36 93
36 95
36 98
36 99
36 109
36 110
36 113
36 115
36 117
36 119
37 38
37 39
37 42
37 43
37 44
37 46
37 52
37 54
37 55
37 60
37 68
37 69
37 71
37 73
37 79
37 83
37 84
37 86
37 87
37 88
37 92
37 94
37 95
37 96
37 99
37 102
37 104
37 105
37 107
37 112
37 115
38 39
38 47
38 50
38 51
38 54
38 56
38 57
38 66
38 67
38 69
38 70
38 76
38 78
38 88
38 90
38 100
38 104
38 105
38 107
38 108
38 113
38 114
38 119
39 45
39 46
39 48
39 50
39 51
39 52
39 53
39 58
39 64
39 65
39 66
39 70
39 76
39 77
39 81
39 86
39 90
39 91
39 92
39 94
39 95
39 96
39 97
39 98
39 102
39 103
39 104
39 105
39 106
39 113
39 117
40 41
40 42
40 44
40 45
40 47
40 48
40 49
40 51
40 53
40 56
40 62
40 63
40 65
40 67
40 68
40 73
40 76
40 78
40 81
40 89
40 93
40 94
40 101
40 102
40 105
40 110
40 117
40 118
41 42
41 44
41 46
41 48
41 52
41 56
41 58
41 59
41 62
41 64
41 65
41 67
41 72
41 74
41 75
41 76
41 77
41 78
41 79
41 81
41 86
41 89
41 91
41 101
41 106
41 108
41 111
41 115
41 117
42 44
42 46
42 51
42 55
42 56
42 59
42 60
42 64
42 65
42 67
42 69
42 71
42 72
42 78
42 81
42 83
42 85
42 91
42 92
42 93
42 108
42 109
42 111
42 113
42 115
42 117
43 45
43 47
43 50
43 51
43 53
43 54
43 56
43 57
43 59
43 60
43 66
43 67
43 69
43 73
43 75
43 76
43 82
43 88
43 89
43 90
43 91
43 100
43 102
43 103
43 108
43 113
43 114
43 117
43 118
44 45
44 47
44 53
44 54
44 64
44 65
44 70
44 73
44 77
44 81
44 82
44 84
44 87
44 88
44 89
44 93
44 95
44 101
44 103
44 105
44 109
44 114
44 115
44 117
44 119
45 46
45 47
45 54
45 60
45 65
45 66
45 67
45 68
45 70
45 72
45 73
45 74
45 75
45 78
45 79
45 81
45 83
45 85
45 86
45 94
45 97
45 98
45 100
45 101
45 107
45 108
45 114
46 48
46 53
46 57
46 61
46 62
46 63
46 71
46 75
46 79
46 81
46 87
46 90
46 94
46 100
46 106
46 107
46 109
46 110
46 112
46 114
46 117
47 49
47 52
47 53
47 56
47 57
47 59
47 60
47 62
47 68
47 72
47 79
47 80
47 81
47 88
47 91
47 92
47 93
47 94
47 96
47 99
47 100
47 101
47 102
47 104
47 106
47 107
47 110
47 111
47 113
47 116
48 58
48 59
48 60
48 62
48 64
48 69
48 70
48 74
48 79
48 80
48 83
48 86
48 87
48 88
48 90
48 93
48 98
48 99
48 105
48 109
48 111
48 116
48 118
48 119
49 52
49 53
49 54
49 56
49 57
49 60
49 61
49 62
49 63
49 69
49 70
49 71
49 72
49 77
49 85
49 91
49 94
49 95
49 97
49 104
49 106
49 111
49 112
49 117
49 119
50 52
50 54
50 55
50 56
50 58
50 59
50 60
50 61
50 62
50 65
50 66
50 67
50 70
50 71
50 73
50 76
50 85
50 86
50 90
50 91
50 92
50 94
50 100
50 101
50 104
50 106
50 107
50 110
50 111
50 117
50 118
51 54
51 59
51 61
51 66
51 67
51 69
51 72
51 79
51 81
51 83
51 86
51 87
51 91
51 96
51 100
51 106
51 107
51 108
51 110
51 116
51 117
52 65
52 73
52 75
52 82
52 83
52 84
52 86
52 90
52 92
52 94
52 98
52 99
52 100
52 103
52 106
52 108
52 109
52 110
52 111
52 113
52 117
52 119
53 54
53 55
53 56
53 60
53 62
53 65
53 66
53 68
53 70
53 80
53 81
53 86
53 89
53 93
53 95
53 98
53 99
53 101
53 103
53 104
53 105
53 106
53 107
53 111
53 112
53 113
53 116
53 117
53 118
54 58
54 59
54 69
54 73
54 79
54 87
54 90
54 91
54 93
54 95
54 97
54 98
54 99
54 101
54 102
54 103
54 105
54 106
54 108
54 109
54 111
54 116
54 117
54 118
55 57
55 59
55 62
55 67
55 70
55 72
55 74
55 76
55 77
55 78
55 79
55 80
55 81
55 86
55 87
55 90
55 93
55 96
55 98
55 99
55 100
55 108
55 110
55 112
56 57
56 60
56 66
56 67
56 68
56 72
56 75
56 83
56 91
56 94
56 95
56 96
56 98
56 100
56 105
56 107
56 111
56 113
56 114
56 116
56 117
56 119
57 59
57 61
57 68
57 71
57 76
57 77
57 85
57 86
57 89
57 92
57 93
57 95
57 98
57 101
57 102
57 104
57 107
57 110
57 111
57 112
57 113
57 114
58 63
58 71
58 79
58 80
58 81
58 85
58 86
58 91
58 93
58 95
58 96
58 97
58 98
58 100
58 107
58 108
58 112
58 114
58 116
59 62
59 63
59 64
59 66
59 69
59 70
59 76
59 77
59 79
59 80
59 83
59 90
59 92
59 93
59 97
59 100
59 102
59 105
59 107
59 108
59 109
59 114
59 116
59 118
60 74
60 75
60 77
60 79
60 85
60 86
60 89
60 93
60 94
60 95
60 96
60 101
60 102
60 103
60 107
60 108
60 111
60 112
60 113
60 114
60 115
60 116
61 62
61 63
61 67
61 68
61 70
61 74
61 82
61 83
61 84
61 91
61 99
61 104
61 107
61 108
61 109
61 110
61 111
61 114
61 116
61 117
61 118
62 64
62 66
62 67
62 68
62 72
62 73
62 75
62 77
62 80
62 81
62 83
62 84
62 87
62 90
62 91
62 93
62 94
62 95
62 99
62 106
62 107
62 108
62 110
62 111
62 112
62 116
62 118
63 66
63 67
63 71
63 73
63 76
63 78
63 83
63 84
63 89
63 92
63 93
63 94
63 96
63 97
63 99
63 107
63 108
63 110
63 114
63 116
63 119
64 71
64 72
64 75
64 77
64 79
64 84
64 85
64 88
64 90
64 93
64 97
64 98
64 101
64 102
64 106
64 109
64 111
64 114
64 116
64 118
65 67
65 68
65 69
65 72
65 74
65 75
65 76
65 77
65 85
65 90
65 91
65 93
65 96
65 99
65 100
65 101
65 104
65 105
65 106
65 107
65 112
65 113
65 118
66 68
66 72
66 77
66 83
66 85
66 86
66 93
66 98
66 99
66 100
66 103
66 104
66 105
66 110
66 113
67 69
67 72
67 74
67 75
67 80
67 83
67 86
67 88
67 90
67 91
67 92
67 93
67 98
67 100
67 101
67 103
67 105
67 107
67 108
67 112
67 113
67 114
67 116
68 69
68 70
68 78
68 82
68 84
68 87
68 88
68 89
68 92
68 93
68 95
68 99
68 100
68 104
68 105
68 106
68 113
69 73
69 75
69 76
69 77
69 82
69 84
69 86
69 89
69 92
69 93
69 95
69 96
69 102
69 103
69 105
69 106
69 107
69 108
69 110
69 113
70 76
70 88
70 90
70 95
70 96
70 99
70 102
70 103
70 107
70 111
70 113
71 77
71 80
71 81
71 82
71 87
71 91
71 92
71 93
71 94
71 95
71 99
71 102
71 108
71 111
71 113
71 114
71 115
71 116
71 119
72 79
72 80
72 81
72 86
72 87
72 91
72 94
72 95
72 98
72 104
72 108
72 110
72 112
72 113
72 117
72 119
73 75
73 76
73 77
73 80
73 81
73 86
73 90
73 91
73 94
73 98
73 104
73 105
73 107
73 108
73 113
73 115
73 118
73 119
74 76
74 84
74 95
74 97
74 99
74 100
74 105
74 107
74 110
74 114
74 115
74 118
75 76
75 78
75 79
75 81
75 82
75 83
75 86
75 90
75 91
75 92
75 100
75 106
75 107
75 111
75 113
75 115
75 119
76 78
76 79
76 81
76 83
76 88
76 89
76 90
76 92
76 101
76 104
76 108
76 117
76 118
77 78
77 84
77 85
77 87
77 88
77 97
77 101
77 102
77 107
77 108
77 118
78 79
78 81
78 84
78 86
78 91
78 92
78 94
78 96
78 99
78 104
78 107
78 110
78 112
78 113
78 114
78 117
79 80
79 81
79 87
79 90
79 91
79 94
79 95
79 96
79 99
79 100
79 105
79 110
79 113
79 119
80 81
80 85
80 86
80 89
80 95
80 97
80 98
80 99
80 100
80 102
80 105
80 110
80 116
80 117
81 82
81 83
81 84
81 85
81 87
81 91
81 92
81 93
81 95
81 97
81 99
81 100
81 102
81 103
81 106
81 108
81 115
82 84
82 85
82 87
82 90
82 92
82 95
82 97
82 98
82 99
82 100
82 114
82 116
83 84
83 88
83 100
83 101
83 102
83 104
83 109
83 111
83 113
83 115
83 119
84 85
84 87
84 89
84 91
84 94
84 96
84 100
84 105
84 106
84 107
84 109
84 116
84 117
84 119
85 86
85 87
85 91
85 95
85 101
85 102
85 103
85 110
85 113
85 118
85 119
86 89
86 91
86 93
86 96
86 97
86 102
86 107
86 111
86 113
86 114
86 115
87 91
87 93
87 94
87 95
87 99
87 100
87 101
87 103
87 107
87 108
87 115
87 116
87 119
88 91
88 93
88 95
88 98
88 103
88 106
88 109
88 110
88 114
88 116
88 119
89 94
89 95
89 100
89 101
89 109
89 111
89 112
89 113
89 115
90 94
90 96
90 97
90 99
90 103
90 104
90 112
90 114
91 95
91 101
91 102
91 103
91 104
91 115
91 116
91 119
92 93
92 96
92 97
92 99
92 101
92 104
92 105
92 107
92 108
92 109
92 110
92 111
92 112
92 115
92 119
93 95
93 96
93 99
93 113
93 117
94 97
94 101
94 102
94 103
94 104
94 109
94 115
94 119
95 98
95 99
95 101
95 110
95 113
95 114
95 119
96 97
96 100
96 104
96 107
96 110
96 117
96 118
96 119
97 102
97 106
97 108
97 109
97 118
97 119
98 99
98 102
98 103
98 106
98 107
98 108
98 109
98 111
98 112
98 116
98 117
99 102
99 108
99 109
99 111
99 113
100 105
100 106
100 109
100 113
100 115
101 105
101 106
101 107
101 113
101 115
101 116
101 118
102 103
102 105
102 107
102 111
102 114
102 115
102 118
103 104
103 106
103 107
103 108
103 109
103 112
103 114
103 119
104 105
104 106
104 119
105 106
105 107
105 108
105 112
105 114
105 115
106 107
106 111
106 114
106 115
107 110
107 113
107 114
107 117
107 119
108 110
108 112
108 115
108 116
108 117
108 118
108 119
109 112
109 113
109 114
109 117
109 119
110 111
110 114
110 116
110 118
110 119
111 114
112 113
112 116
112 117
112 119
113 116
114 115
114 119
115 118
117 118
117 119
118 119
