140
0 5
0 9
0 12
0 14
0 16
0 18
0 19
0 20
0 22
0 27
0 30
0 36
0 37
0 46
0 54
0 60
0 62
0 67
0 74
0 78
0 81
0 82
0 85
0 87
0 88
0 94
0 97
0 101
0 102
0 106
0 108
0 120
0 130
0 137
0 138
0 139
1 2
1 5
1 8
1 11
1 15
1 16
1 17
1 20
1 21
1 22
1 25
1 27
1 30
1 41
1 42
1 43
1 44
1 53
1 58
1 59
1 60
1 73
1 76
1 78
1 83
1 85
1 89
1 97
1 98
1 107
1 108
1 114
1 118
1 126
1 128
1 129
2 6
2 20
2 23
2 29
2 30
2 32
2 33
2 35
2 36
2 39
2 47
2 49
2 50
2 54
2 56
2 57
2 59
2 79
2 80
2 84
2 89
2 90
2 99
2 105
2 107
2 108
2 110
2 113
2 114
2 121
2 122
2 123
3 20
3 24
3 29
3 32
3 34
3 36
3 38
3 46
3 49
3 52
3 61
3 68
3 73
3 75
3 77
3 84
3 85
3 89
3 99
3 105
3 116
3 118
3 139
4 5
4 8
4 9
4 10
4 14
4 16
4 21
4 23
4 24
4 31
4 36
4 39
4 43
4 48
4 50
4 58
4 60
4 73
4 76
4 78
4 101
4 105
4 108
4 113
4 123
4 131
4 137
4 139
5 13
5 21
5 22
5 26
5 35
5 39
5 40
5 43
5 49
5 50
5 56
5 58
5 59
5 60
5 62
5 66
5 67
5 71
5 95
5 96
5 102
5 103
5 110
5 115
5 117
5 118
5 131
5 133
6 7
6 15
6 18
6 25
6 26
6 35
6 47
6 53
6 57
6 72
6 75
6 77
6 79
6 81
6 82
6 91
6 96
6 98
6 107
6 108
6 111
6 115
6 119
6 124
6 125
6 128
7 15
7 16
7 20
7 25
7 33
7 37
7 39
7 40
7 42
7 44
7 46
7 57
7 66
7 67
7 72
7 80
7 84
7 87
7 101
7 109
7 110
7 114
7 115
7 122
7 126
7 128
7 130
8 12
8 14
8 15
8 19
8 21
8 28
8 33
8 36
8 37
8 52
8 53
8 61
8 63
8 67
8 69
8 75
8 80
8 83
8 88
8 90
8 92
8 95
8 96
8 97
8 101
8 106
8 115
8 124
8 138
9 12
9 17
9 21
9 23
9 27
9 38
9 44
9 45
9 50
9 56
9 68
9 72
9 74
9 80
9 89
9 91
9 94
9 111
9 116
9 117
9 124
9 127
9 130
10 11
10 17
10 19
10 22
10 25
10 32
10 35
10 41
10 42
10 43
10 46
10 50
10 51
10 55
10 57
10 60
10 66
10 70
10 74
10 86
10 87
10 95
10 102
10 105
10 111
10 112
10 113
10 117
10 125
10 130
10 136
10 137
10 138
11 14
11 22
11 35
11 52
11 53
11 62
11 66
11 68
11 69
11 75
11 80
11 92
11 97
11 103
11 106
11 108
11 116
11 123
11 126
11 129
11 132
12 16
12 20
12 24
12 32
12 36
12 39
12 42
12 44
12 45
12 46
12 48
12 49
12 54
12 55
12 57
12 67
12 69
12 80
12 82
12 84
12 86
12 90
12 91
12 92
12 95
12 101
12 113
12 115
12 122
12 124
12 130
12 132
12 135
12 138
12 139
13 22
13 26
13 28
13 31
13 38
13 39
13 40
13 41
13 46
13 47
13 48
13 49
13 52
13 56
13 58
13 60
13 63
13 65
13 66
13 69
13 77
13 80
13 81
13 84
13 87
13 90
13 95
13 96
13 97
13 99
13 100
13 103
13 105
13 106
13 117
13 122
13 129
13 131
13 132
13 133
13 135
14 15
14 16
14 18
14 19
14 22
14 28
14 29
14 33
14 38
14 42
14 44
14 50
14 53
14 55
14 57
14 63
14 64
14 66
14 68
14 71
14 73
14 77
14 89
14 97
14 103
14 107
14 110
14 114
14 115
14 124
14 129
14 130
14 136
15 16
15 17
15 25
15 28
15 30
15 35
15 38
15 45
15 48
15 57
15 58
15 59
15 64
15 67
15 69
15 74
15 81
15 82
15 96
15 100
15 101
15 102
15 105
15 114
15 119
15 120
15 121
15 122
15 124
15 127
15 129
15 136
15 139
16 49
16 55
16 64
16 67
16 69
16 71
16 72
16 73
16 78
16 81
16 88
16 90
16 93
16 94
16 97
16 98
16 99
16 105
16 107
16 109
16 112
16 117
16 119
16 120
16 123
16 124
16 127
16 129
16 136
16 138
17 24
17 25
17 27
17 31
17 40
17 44
17 55
17 65
17 66
17 68
17 70
17 71
17 90
17 94
17 98
17 103
17 105
17 106
17 113
17 116
17 117
17 123
17 127
17 132
17 133
17 136
17 137
18 22
18 25
18 27
18 29
18 34
18 36
18 43
18 46
18 53
18 55
18 64
18 67
18 70
18 71
18 73
18 78
18 94
18 96
18 99
18 106
18 109
18 111
18 112
18 114
18 116
18 118
18 119
18 122
18 125
18 130
18 138
18 139
19 21
19 23
19 32
19 46
19 53
19 55
19 56
19 62
19 66
19 71
19 73
19 77
19 81
19 83
19 84
19 86
19 90
19 91
19 93
19 94
19 97
19 98
19 103
19 108
19 112
19 116
19 124
19 126
19 130
19 133
19 134
19 137
19 138
20 29
20 32
20 34
20 42
20 44
20 49
20 52
20 54
20 57
20 58
20 59
20 61
20 70
20 76
20 82
20 83
20 84
20 89
20 90
20 97
20 100
20 102
20 108
20 120
20 121
20 122
20 127
20 131
21 22
21 26
21 30
21 36
21 37
21 49
21 51
21 52
21 53
21 54
21 56
21 63
21 64
21 66
21 68
21 72
21 75
21 77
21 80
21 81
21 83
21 89
21 90
21 94
21 95
21 100
21 106
21 107
21 111
21 112
21 114
21 117
21 122
21 123
21 128
21 130
21 133
21 137
21 139
22 23
22 26
22 29
22 31
22 34
22 41
22 45
22 48
22 54
22 55
22 57
22 66
22 75
22 76
22 79
22 80
22 81
22 82
22 90
22 91
22 98
22 99
22 100
22 103
22 111
22 114
22 115
22 121
22 122
22 123
22 124
22 130
22 132
22 133
23 24
23 25
23 26
23 27
23 33
23 42
23 43
23 46
23 48
23 52
23 61
23 63
23 78
23 84
23 90
23 97
23 100
23 103
23 104
23 106
23 109
23 110
23 114
23 125
23 126
23 132
23 133
23 135
23 136
24 27
24 29
24 33
24 42
24 43
24 45
24 52
24 56
24 58
24 63
24 67
24 68
24 69
24 71
24 72
24 77
24 79
24 83
24 85
24 91
24 94
24 96
24 97
24 98
24 107
24 109
24 112
24 113
24 114
24 115
24 117
24 119
24 121
24 126
24 128
24 135
24 137
25 32
25 34
25 35
25 36
25 37
25 39
25 49
25 51
25 52
25 59
25 69
25 72
25 73
25 74
25 85
25 86
25 87
25 89
25 90
25 91
25 92
25 101
25 104
25 111
25 120
25 125
25 132
25 133
25 137
26 32
26 34
26 41
26 45
26 48
26 57
26 62
26 68
26 70
26 76
26 77
26 84
26 86
26 92
26 95
26 97
26 101
26 108
26 111
26 113
26 117
26 135
26 139
27 28
27 30
27 35
27 38
27 40
27 41
27 43
27 49
27 54
27 56
27 65
27 74
27 75
27 77
27 80
27 81
27 86
27 87
27 89
27 90
27 94
27 100
27 101
27 102
27 104
27 109
27 111
27 118
27 120
27 122
27 123
27 126
27 129
27 134
27 139
28 32
28 34
28 44
28 47
28 48
28 50
28 56
28 58
28 60
28 64
28 81
28 87
28 88
28 89
28 90
28 93
28 94
28 95
28 101
28 104
28 110
28 111
28 112
28 125
28 131
28 132
28 134
28 139
29 34
29 35
29 38
29 49
29 56
29 61
29 67
29 72
29 74
29 76
29 77
29 78
29 79
29 81
29 82
29 88
29 89
29 90
29 99
29 100
29 104
29 106
29 107
29 115
29 116
29 122
29 126
29 128
29 130
29 135
29 136
29 137
29 138
29 139
30 33
30 35
30 37
30 38
30 48
30 49
30 52
30 54
30 55
30 64
30 65
30 66
30 69
30 70
30 74
30 75
30 76
30 77
30 79
30 82
30 85
30 88
30 91
30 92
30 94
30 96
30 100
30 107
30 117
30 120
30 123
30 124
30 129
30 132
30 133
30 137
30 138
31 33
31 35
31 38
31 40
31 42
31 51
31 54
31 55
31 60
31 70
31 74
31 75
31 77
31 79
31 80
31 84
31 88
31 92
31 93
31 94
31 101
31 111
31 116
31 119
31 124
31 128
31 132
31 133
31 136
31 137
31 138
32 34
32 35
32 36
32 37
32 40
32 41
32 47
32 59
32 70
32 73
32 77
32 78
32 83
32 86
32 87
32 93
32 96
32 104
32 107
32 110
32 111
32 115
32 117
32 121
32 124
32 125
32 130
32 135
32 139
33 48
33 59
33 62
33 67
33 68
33 81
33 88
33 93
33 96
33 97
33 99
33 102
33 109
33 118
33 120
33 126
33 129
33 131
33 139
34 37
34 47
34 54
34 61
34 64
34 67
34 71
34 73
34 74
34 75
34 80
34 82
34 83
34 84
34 87
34 89
34 90
34 92
34 95
34 97
34 99
34 108
34 112
34 114
34 117
34 123
34 124
34 129
34 130
34 131
34 134
34 135
35 39
35 46
35 48
35 50
35 53
35 56
35 61
35 69
35 70
35 71
35 76
35 78
35 82
35 84
35 95
35 98
35 107
35 108
35 109
35 110
35 114
35 123
35 133
35 134
35 138
36 38
36 41
36 44
36 45
36 48
36 53
36 59
36 67
36 69
36 71
36 72
36 75
36 81
36 82
36 84
36 85
36 87
36 91
36 93
36 97
36 104
36 111
36 113
36 117
36 119
36 121
36 128
37 39
37 43
37 55
37 56
37 63
37 64
37 70
37 74
37 77
37 78
37 79
37 80
37 82
37 84
37 92
37 95
37 99
37 107
37 111
37 117
37 118
37 120
37 121
37 122
37 125
37 127
37 133
37 137
38 39
38 45
38 49
38 51
38 52
38 55
38 62
38 72
38 80
38 84
38 85
38 86
38 89
38 90
38 91
38 94
38 95
38 98
38 99
38 101
38 105
38 107
38 110
38 113
38 115
38 116
38 117
38 127
38 135
38 137
38 138
39 40
39 42
39 43
39 55
39 65
39 67
39 71
39 77
39 79
39 85
39 89
39 96
39 102
39 103
39 105
39 109
39 112
39 114
39 118
39 120
39 123
39 126
39 129
39 135
39 137
39 139
40 46
40 49
40 53
40 58
40 59
40 66
40 67
40 71
40 74
40 76
40 77
40 82
40 84
40 86
40 95
40 97
40 101
40 103
40 106
40 107
40 112
40 117
41 51
41 52
41 53
41 54
41 61
41 64
41 66
41 68
41 69
41 72
41 73
41 75
41 76
41 80
41 84
41 89
41 91
41 96
41 97
41 98
41 105
41 110
41 112
41 117
41 127
41 128
41 133
41 137
41 139
42 44
42 48
42 54
42 58
42 59
42 60
42 67
42 69
42 72
42 76
42 79
42 80
42 86
42 90
42 99
42 105
42 108
42 109
42 113
42 120
42 138
43 44
43 45
43 47
43 48
43 52
43 54
43 56
43 60
43 64
43 65
43 71
43 74
43 78
43 79
43 80
43 81
43 83
43 89
43 90
43 100
43 105
43 107
43 109
43 110
43 112
43 125
43 129
43 133
43 134
43 135
43 136
43 137
44 52
44 56
44 59
44 62
44 63
44 65
44 68
44 70
44 73
44 76
44 81
44 86
44 87
44 91
44 92
44 100
44 102
44 103
44 104
44 116
44 118
44 120
44 122
44 124
44 125
44 127
44 128
44 131
44 138
45 48
45 49
45 57
45 62
45 67
45 71
45 83
45 84
45 85
45 94
45 96
45 97
45 100
45 102
45 108
45 112
45 114
45 121
45 125
45 130
45 138
46 61
46 64
46 65
46 66
46 68
46 79
46 82
46 89
46 90
46 91
46 99
46 114
46 124
46 126
46 130
46 137
47 54
47 59
47 65
47 81
47 83
47 93
47 94
47 95
47 96
47 109
47 131
47 138
48 50
48 52
48 58
48 59
48 63
48 66
48 68
48 72
48 73
48 74
48 76
48 79
48 81
48 83
48 91
48 93
48 97
48 100
48 101
48 102
48 105
48 109
48 110
48 126
48 127
48 130
48 133
48 134
48 139
49 59
49 60
49 65
49 67
49 69
49 78
49 85
49 86
49 88
49 96
49 98
49 105
49 108
49 109
49 120
49 121
49 124
49 131
49 132
49 136
50 55
50 58
50 61
50 68
50 73
50 74
50 77
50 78
50 81
50 82
50 84
50 86
50 90
50 91
50 99
50 101
50 102
50 104
50 107
50 110
50 115
50 117
50 118
50 119
50 120
50 122
50 129
50 131
50 135
50 137
50 138
51 54
51 56
51 68
51 70
51 72
51 77
51 81
51 83
51 86
51 87
51 89
51 90
51 93
51 95
51 99
51 102
51 103
51 106
51 108
51 111
51 112
51 121
51 122
51 133
51 134
51 135
52 56
52 59
52 64
52 72
52 73
52 77
52 78
52 81
52 83
52 86
52 88
52 101
52 103
52 106
52 107
52 116
52 135
53 55
53 58
53 62
53 65
53 72
53 74
53 80
53 82
53 87
53 89
53 91
53 97
53 98
53 100
53 106
53 108
53 111
53 112
53 113
53 121
53 122
53 126
53 128
53 129
53 130
53 131
53 136
53 137
53 138
54 55
54 56
54 57
54 60
54 64
54 65
54 79
54 80
54 81
54 84
54 88
54 89
54 96
54 100
54 106
54 109
54 117
54 118
54 121
54 123
54 126
54 129
54 137
55 64
55 77
55 79
55 80
55 84
55 85
55 87
55 92
55 93
55 94
55 96
55 98
55 99
55 103
55 110
55 112
55 115
55 126
55 132
55 136
55 138
56 57
56 58
56 60
56 63
56 64
56 66
56 71
56 75
56 83
56 89
56 90
56 100
56 102
56 105
56 110
56 114
56 116
56 121
56 124
56 126
56 128
56 131
56 133
56 136
56 138
57 67
57 72
57 76
57 82
57 89
57 90
57 93
57 94
57 95
57 97
57 99
57 107
57 108
57 119
57 121
57 129
57 132
57 137
57 139
58 60
58 63
58 64
58 70
58 73
58 79
58 86
58 93
58 98
58 100
58 104
58 105
58 111
58 119
58 127
58 128
58 132
58 134
58 139
59 66
59 72
59 79
59 85
59 90
59 97
59 98
59 117
59 124
59 126
59 127
59 131
60 63
60 70
60 72
60 75
60 76
60 83
60 86
60 87
60 90
60 91
60 92
60 94
60 96
60 109
60 113
60 114
60 119
60 121
60 122
60 129
60 131
60 133
60 136
61 67
61 71
61 77
61 78
61 83
61 94
61 96
61 97
61 99
61 110
61 113
61 116
61 120
61 121
61 125
61 132
61 138
61 139
62 63
62 65
62 68
62 74
62 80
62 88
62 90
62 94
62 104
62 105
62 107
62 108
62 116
62 117
62 119
62 121
62 122
62 123
62 128
62 132
62 138
63 67
63 69
63 71
63 73
63 74
63 80
63 89
63 90
63 91
63 98
63 102
63 103
63 109
63 112
63 113
63 114
63 119
63 121
63 124
63 125
63 129
63 130
63 134
63 138
63 139
64 65
64 71
64 72
64 80
64 87
64 94
64 97
64 98
64 100
64 104
64 109
64 112
64 113
64 114
64 115
64 118
64 122
64 126
64 130
64 132
64 133
64 135
64 137
64 138
64 139
65 67
65 69
65 71
65 72
65 74
65 81
65 84
65 86
65 87
65 88
65 100
65 101
65 102
65 104
65 105
65 109
65 111
65 118
65 119
65 122
65 126
65 133
66 74
66 81
66 82
66 85
66 88
66 89
66 100
66 103
66 105
66 106
66 108
66 113
66 116
66 120
66 132
67 69
67 76
67 81
67 84
67 88
67 98
67 102
67 104
67 106
67 107
67 113
67 115
67 117
67 120
67 121
67 128
67 138
67 139
68 74
68 75
68 81
68 83
68 92
68 93
68 94
68 99
68 101
68 103
68 110
68 112
68 115
68 120
68 123
68 124
68 125
68 134
69 70
69 72
69 73
69 76
69 80
69 85
69 87
69 92
69 93
69 95
69 104
69 107
69 109
69 111
69 113
69 117
69 118
69 120
69 126
69 128
69 136
70 71
70 73
70 74
70 84
70 97
70 101
70 102
70 106
70 118
70 121
70 123
70 124
70 127
70 128
70 129
70 131
70 133
70 135
70 136
70 137
70 138
71 73
71 75
71 80
71 82
71 85
71 87
71 103
71 107
71 113
71 116
71 118
71 121
71 123
71 128
71 129
71 130
71 131
71 134
71 135
72 79
72 82
72 83
72 88
72 91
72 97
72 108
72 123
72 124
72 129
72 133
72 134
72 136
72 139
73 77
73 81
73 83
73 85
73 93
73 94
73 97
73 105
73 106
73 107
73 108
73 112
73 114
73 116
73 121
73 123
73 125
73 129
73 131
73 134
74 78
74 81
74 84
74 88
74 93
74 97
74 99
74 103
74 104
74 106
74 117
74 129
74 131
74 132
74 133
74 134
74 136
74 139
75 80
75 81
75 91
75 93
75 94
75 95
75 96
75 98
75 101
75 104
75 110
75 114
75 115
75 116
75 123
75 130
75 131
75 133
75 135
76 79
76 82
76 89
76 94
76 96
76 100
76 101
76 106
76 110
76 113
76 119
76 124
76 131
76 133
76 135
76 136
76 137
76 139
77 79
77 80
77 81
77 86
77 87
77 92
77 94
77 95
77 107
77 111
77 115
77 116
77 117
77 120
77 121
77 122
77 123
77 124
77 128
77 132
78 87
78 88
78 90
78 94
78 104
78 105
78 108
78 110
78 117
78 118
78 120
78 124
78 125
78 128
78 129
78 138
79 84
79 89
79 93
79 94
79 95
79 99
79 102
79 105
79 107
79 112
79 117
79 119
79 121
79 123
79 124
79 127
79 128
79 129
79 132
79 133
79 137
80 89
80 95
80 97
80 104
80 111
80 119
80 124
80 127
80 130
80 133
80 137
81 92
81 93
81 97
81 98
81 100
81 101
81 102
81 107
81 111
81 115
81 117
81 119
81 121
81 124
81 128
81 134
81 139
82 84
82 86
82 89
82 92
82 99
82 105
82 109
82 110
82 117
82 119
82 124
82 125
82 130
82 134
82 137
83 93
83 97
83 99
83 101
83 104
83 126
83 127
83 130
83 131
83 134
83 135
83 136
83 138
84 86
84 90
84 96
84 99
84 102
84 103
84 110
84 111
84 112
84 113
84 114
84 115
84 123
84 132
84 134
85 86
85 90
85 93
85 94
85 104
85 107
85 116
85 117
85 119
85 126
85 127
85 129
85 133
85 136
85 137
85 138
86 93
86 96
86 97
86 98
86 100
86 104
86 105
86 107
86 113
86 114
86 122
86 125
86 130
86 131
86 132
86 133
86 134
86 137
87 90
87 92
87 94
87 96
87 98
87 99
87 100
87 102
87 105
87 107
87 109
87 113
87 117
87 121
87 132
87 134
87 135
88 89
88 97
88 101
88 104
88 122
88 123
88 125
88 126
88 128
88 130
88 134
89 91
89 98
89 109
89 114
89 115
89 117
89 119
89 124
89 125
89 130
89 131
89 135
90 91
90 92
90 96
90 104
90 108
90 109
90 111
90 117
90 118
90 133
91 102
91 105
91 106
91 108
91 109
91 119
91 123
91 125
91 126
91 133
92 97
92 103
92 114
92 115
92 116
92 117
92 123
92 124
92 136
92 137
93 98
93 101
93 102
93 103
93 104
93 106
93 108
93 110
93 111
93 124
93 125
93 126
93 128
93 129
93 138
94 95
94 100
94 101
94 104
94 110
94 113
94 117
94 121
94 123
94 132
95 118
95 122
95 125
95 138
96 101
96 102
96 105
96 117
96 122
96 126
96 131
96 136
97 100
97 101
97 104
97 105
97 110
97 112
97 115
97 123
97 124
97 127
97 128
97 136
98 103
98 108
98 114
98 119
98 121
98 127
98 131
98 135
98 136
98 137
98 139
99 101
99 108
99 115
99 116
99 123
99 127
99 128
99 136
99 137
99 139
100 105
100 115
100 116
100 118
100 121
100 124
100 137
101 102
101 104
101 110
101 122
101 135
102 108
102 110
102 112
102 114
102 121
102 124
102 133
103 106
103 110
103 117
103 120
103 127
103 131
103 133
103 138
104 105
104 106
104 109
104 116
104 118
104 122
104 124
104 129
104 131
104 139
105 106
105 107
105 112
105 114
105 116
105 119
105 124
105 127
105 129
105 138
105 139
106 107
106 109
106 124
106 125
106 127
106 128
106 130
106 132
106 135
107 109
107 114
107 115
107 124
107 127
107 128
107 134
107 139
108 112
108 113
108 116
108 117
108 119
108 125
108 128
108 134
108 136
109 110
109 111
109 112
109 114
109 117
109 122
109 126
109 130
109 131
110 113
110 118
110 121
110 126
110 128
110 133
111 116
111 121
111 125
111 127
111 132
111 133
111 134
111 137
111 138
111 139
112 113
112 115
112 122
112 128
112 129
112 137
113 129
113 133
113 136
113 139
114 116
114 122
114 127
114 128
114 130
114 134
114 139
115 121
115 123
115 124
115 126
115 136
115 137
116 118
116 122
116 124
116 134
116 137
116 138
116 139
117 121
117 123
117 131
117 137
117 138
118 122
118 123
118 126
118 127
118 129
118 130
118 132
118 135
119 121
120 121
120 122
120 123
120 131
120 135
120 138
121 124
121 130
121 132
122 125
122 126
122 131
122 133
122 135
122 139
123 124
123 126
123 127
123 138
124 130
124 131
124 134
124 139
125 126
125 127
125 129
125 133
125 138
125 139
126 128
126 133
126 136
126 137
127 129
127 130
127 131
127 138
128 130
128 132
128 136
128 137
128 138
129 132
129 136
130 135
130 136
130 138
131 133
131 138
131 139
132 134
132 135
132 136
132 139
133 137
133 138
133 139
134 136
136 137
136 138
