160
0 3
0 5
0 18
0 22
0 25
0 35
0 39
0 42
0 47
0 50
0 53
0 57
0 59
0 60
0 62
0 68
0 70
0 77
0 88
0 90
0 94
0 107
0 110
0 126
0 128
0 133
0 135
0 137
0 145
0 147
0 152
1 2
1 5
1 10
1 11
1 16
1 17
1 18
1 19
1 20
1 23
1 24
1 28
1 38
1 41
1 43
1 48
1 49
1 52
1 58
1 65
1 76
1 82
1 89
1 108
1 112
1 118
1 122
1 130
1 131
1 132
1 133
1 155
1 157
1 158
2 5
2 36
2 39
2 44
2 47
2 56
2 58
2 60
2 61
2 63
2 69
2 75
2 79
2 81
2 82
2 83
2 87
2 95
2 98
2 100
2 109
2 128
2 131
2 147
2 154
3 4
3 10
3 31
3 42
3 44
3 48
3 52
3 53
3 58
3 72
3 76
3 79
3 83
3 84
3 87
3 96
3 98
3 101
3 106
3 111
3 112
3 115
3 116
3 118
3 121
3 138
3 142
3 143
3 144
3 157
3 158
4 8
4 9
4 13
4 17
4 18
4 20
4 38
4 39
4 42
4 55
4 58
4 59
4 61
4 63
4 68
4 69
4 74
4 76
4 79
4 82
4 87
4 89
4 92
4 96
4 99
4 112
4 128
4 132
4 134
4 139
4 141
4 145
4 146
4 148
4 150
4 151
4 153
4 156
4 159
5 7
5 8
5 16
5 17
5 18
5 19
5 27
5 28
5 30
5 34
5 38
5 39
5 41
5 45
5 47
5 48
5 55
5 63
5 72
5 83
5 92
5 105
5 107
5 110
5 119
5 125
5 128
5 129
5 133
5 141
5 149
5 159
6 8
6 9
6 14
6 16
6 17
6 23
6 29
6 32
6 34
6 42
6 43
6 60
6 61
6 65
6 67
6 71
6 79
6 81
6 82
6 88
6 90
6 93
6 96
6 97
6 101
6 103
6 111
6 124
6 129
6 136
6 139
6 156
7 19
7 23
7 24
7 29
7 31
7 40
7 44
7 46
7 47
7 51
7 53
7 60
7 61
7 64
7 68
7 74
7 77
7 87
7 100
7 102
7 104
7 108
7 113
7 116
7 126
7 127
7 134
7 136
7 137
7 142
7 150
7 156
8 16
8 21
8 25
8 29
8 34
8 39
8 45
8 46
8 47
8 49
8 54
8 69
8 91
8 92
8 96
8 101
8 111
8 114
8 115
8 122
8 124
8 126
8 141
8 142
8 146
8 149
8 151
8 155
9 19
9 21
9 22
9 32
9 37
9 42
9 44
9 49
9 86
9 89
9 90
9 97
9 105
9 115
9 127
9 130
9 133
9 135
9 136
9 141
9 142
9 155
10 15
10 16
10 21
10 23
10 24
10 36
10 39
10 42
10 51
10 54
10 55
10 56
10 57
10 72
10 75
10 79
10 81
10 90
10 99
10 106
10 108
10 117
10 119
10 121
10 129
10 130
10 137
10 147
10 150
10 152
10 154
10 155
10 158
11 16
11 20
11 21
11 24
11 27
11 33
11 35
11 36
11 43
11 44
11 46
11 49
11 52
11 53
11 73
11 80
11 81
11 82
11 89
11 94
11 96
11 99
11 106
11 114
11 128
11 130
11 131
11 132
11 135
11 137
11 139
11 146
11 148
11 154
11 155
12 16
12 21
12 22
12 24
12 28
12 32
12 38
12 40
12 42
12 50
12 57
12 58
12 73
12 77
12 90
12 92
12 93
12 94
12 99
12 101
12 125
12 127
12 134
12 135
12 136
12 141
12 144
12 146
12 150
13 24
13 27
13 30
13 32
13 33
13 36
13 39
13 42
13 53
13 54
13 55
13 58
13 61
13 64
13 76
13 94
13 97
13 115
13 136
13 146
13 157
14 17
14 21
14 22
14 24
14 25
14 28
14 35
14 45
14 46
14 60
14 63
14 65
14 72
14 73
14 80
14 85
14 91
14 99
14 102
14 105
14 109
14 111
14 113
14 116
14 119
14 129
14 134
14 142
14 147
14 152
15 18
15 23
15 25
15 31
15 35
15 39
15 40
15 41
15 49
15 59
15 65
15 73
15 79
15 91
15 92
15 94
15 95
15 107
15 109
15 111
15 115
15 124
15 127
15 131
15 135
15 138
15 148
15 151
15 152
15 153
15 157
16 22
16 23
16 24
16 44
16 46
16 47
16 48
16 49
16 57
16 69
16 76
16 79
16 85
16 103
16 109
16 115
16 121
16 122
16 132
16 136
16 140
16 141
16 142
16 151
16 155
16 156
16 158
17 19
17 26
17 34
17 36
17 64
17 67
17 70
17 88
17 90
17 94
17 101
17 105
17 118
17 130
17 136
17 137
17 140
17 144
17 150
17 152
18 25
18 29
18 34
18 36
18 43
18 44
18 50
18 59
18 61
18 65
18 67
18 73
18 81
18 88
18 90
18 93
18 97
18 109
18 114
18 119
18 122
18 139
18 145
18 147
18 153
18 157
19 22
19 23
19 27
19 29
19 31
19 41
19 44
19 53
19 56
19 68
19 78
19 82
19 87
19 96
19 102
19 115
19 116
19 119
19 123
19 125
19 133
19 135
19 138
19 140
19 143
19 156
19 157
19 158
20 26
20 30
20 32
20 40
20 42
20 73
20 75
20 82
20 83
20 92
20 95
20 101
20 104
20 105
20 107
20 110
20 126
20 128
20 134
20 140
20 144
20 150
20 156
20 158
21 29
21 34
21 36
21 38
21 42
21 43
21 51
21 52
21 60
21 64
21 66
21 77
21 86
21 88
21 90
21 91
21 92
21 99
21 104
21 112
21 117
21 124
21 133
21 143
21 147
21 157
22 31
22 33
22 38
22 47
22 50
22 55
22 58
22 66
22 68
22 77
22 95
22 96
22 98
22 101
22 105
22 106
22 120
22 133
22 153
22 158
23 35
23 39
23 41
23 43
23 46
23 50
23 52
23 54
23 67
23 71
23 74
23 75
23 84
23 88
23 93
23 97
23 98
23 102
23 103
23 105
23 119
23 126
23 128
23 130
23 136
23 138
23 146
23 152
24 28
24 38
24 41
24 44
24 48
24 57
24 60
24 79
24 83
24 85
24 86
24 97
24 108
24 113
24 114
24 119
24 123
24 126
24 133
24 134
24 141
24 153
24 154
25 37
25 44
25 46
25 47
25 65
25 67
25 68
25 72
25 73
25 76
25 83
25 84
25 85
25 93
25 94
25 99
25 115
25 121
25 128
25 133
25 140
25 141
25 145
25 153
25 154
25 156
26 29
26 38
26 41
26 45
26 46
26 59
26 71
26 78
26 82
26 83
26 91
26 103
26 126
26 132
26 141
26 149
26 151
26 152
26 156
27 32
27 36
27 40
27 53
27 55
27 56
27 61
27 63
27 71
27 80
27 82
27 85
27 86
27 90
27 95
27 96
27 102
27 111
27 121
27 126
27 130
27 132
27 134
27 140
27 143
27 145
27 154
27 156
27 159
28 29
28 30
28 33
28 37
28 40
28 48
28 61
28 65
28 67
28 69
28 70
28 71
28 86
28 100
28 106
28 115
28 116
28 117
28 119
28 120
28 126
28 137
28 141
28 149
28 157
29 30
29 37
29 44
29 46
29 50
29 57
29 62
29 64
29 66
29 67
29 69
29 75
29 78
29 89
29 90
29 96
29 98
29 100
29 111
29 112
29 120
29 123
29 125
29 126
29 128
29 134
29 138
29 150
29 154
29 155
30 31
30 36
30 40
30 44
30 46
30 60
30 65
30 70
30 74
30 81
30 89
30 90
30 91
30 92
30 96
30 103
30 108
30 110
30 120
30 126
30 130
30 131
30 133
30 135
30 136
30 138
30 140
30 144
30 146
30 147
30 151
30 153
30 154
30 155
31 38
31 42
31 43
31 44
31 45
31 49
31 55
31 57
31 64
31 74
31 83
31 87
31 89
31 93
31 94
31 97
31 102
31 104
31 108
31 120
31 121
31 123
31 131
31 137
31 143
31 146
31 155
31 157
32 37
32 47
32 53
32 61
32 68
32 74
32 81
32 82
32 83
32 89
32 90
32 91
32 93
32 95
32 96
32 98
32 101
32 106
32 122
32 124
32 133
32 138
32 142
32 145
32 146
32 155
32 157
33 35
33 39
33 46
33 47
33 52
33 53
33 55
33 59
33 63
33 67
33 74
33 81
33 88
33 89
33 96
33 101
33 103
33 104
33 114
33 126
33 127
33 130
33 134
33 140
33 155
33 156
34 40
34 42
34 47
34 51
34 52
34 58
34 60
34 62
34 71
34 73
34 74
34 77
34 80
34 81
34 89
34 92
34 94
34 95
34 98
34 99
34 105
34 108
34 115
34 116
34 119
34 125
34 127
34 133
34 134
34 135
34 140
34 154
34 156
35 55
35 57
35 58
35 66
35 90
35 95
35 97
35 98
35 119
35 122
35 138
35 146
35 157
35 159
36 40
36 44
36 51
36 52
36 54
36 57
36 58
36 61
36 70
36 77
36 82
36 95
36 98
36 99
36 113
36 115
36 123
36 129
36 130
36 132
36 154
36 159
37 49
37 51
37 52
37 58
37 61
37 67
37 68
37 75
37 77
37 80
37 81
37 96
37 98
37 100
37 108
37 114
37 143
37 144
37 148
37 155
37 157
38 42
38 43
38 44
38 45
38 46
38 47
38 50
38 52
38 54
38 65
38 67
38 74
38 81
38 90
38 91
38 100
38 102
38 104
38 108
38 113
38 118
38 137
38 138
38 140
38 152
38 153
39 45
39 49
39 58
39 61
39 65
39 70
39 73
39 74
39 77
39 88
39 89
39 92
39 93
39 98
39 99
39 105
39 116
39 119
39 126
39 129
39 131
39 135
39 139
39 144
39 149
39 154
40 46
40 51
40 52
40 57
40 61
40 64
40 67
40 70
40 71
40 89
40 93
40 94
40 99
40 101
40 124
40 125
40 131
40 142
40 152
40 154
41 48
41 49
41 57
41 58
41 60
41 71
41 72
41 79
41 81
41 93
41 96
41 99
41 106
41 107
41 111
41 122
41 124
41 129
41 133
41 137
41 138
41 142
41 145
41 151
41 152
42 43
42 50
42 66
42 68
42 77
42 81
42 88
42 89
42 92
42 96
42 99
42 101
42 102
42 115
42 123
42 126
42 127
42 129
42 130
42 134
42 136
42 137
42 142
42 157
43 49
43 54
43 57
43 60
43 62
43 67
43 69
43 70
43 74
43 79
43 80
43 84
43 88
43 91
43 95
43 101
43 103
43 105
43 111
43 113
43 117
43 119
43 121
43 134
43 136
43 137
43 141
43 147
43 148
43 153
43 155
43 159
44 47
44 49
44 53
44 58
44 64
44 77
44 79
44 80
44 83
44 86
44 91
44 98
44 100
44 106
44 111
44 116
44 120
44 121
44 126
44 128
44 133
44 136
44 138
44 146
44 152
45 55
45 58
45 60
45 64
45 67
45 70
45 73
45 75
45 80
45 86
45 88
45 91
45 92
45 98
45 101
45 103
45 118
45 119
45 127
45 129
45 136
45 140
45 141
45 142
45 151
45 155
45 158
46 47
46 48
46 51
46 54
46 59
46 67
46 70
46 74
46 77
46 84
46 87
46 92
46 94
46 99
46 111
46 113
46 128
46 130
46 131
46 136
46 138
46 145
46 146
46 158
47 50
47 73
47 75
47 76
47 83
47 86
47 89
47 91
47 103
47 108
47 109
47 119
47 123
47 135
47 136
47 140
47 145
47 149
47 156
47 157
48 49
48 53
48 55
48 57
48 58
48 64
48 65
48 81
48 82
48 88
48 95
48 114
48 115
48 120
48 124
48 134
48 143
48 152
49 54
49 59
49 60
49 69
49 71
49 75
49 79
49 82
49 84
49 90
49 92
49 99
49 100
49 104
49 107
49 111
49 117
49 120
49 135
49 136
49 140
49 152
49 153
49 154
49 156
50 55
50 66
50 71
50 73
50 87
50 89
50 98
50 100
50 110
50 113
50 114
50 116
50 118
50 119
50 121
50 133
50 135
50 146
50 149
50 152
51 53
51 54
51 59
51 60
51 73
51 76
51 78
51 86
51 92
51 100
51 102
51 103
51 111
51 112
51 113
51 131
51 135
51 137
51 140
51 143
51 149
51 152
52 56
52 59
52 62
52 65
52 69
52 72
52 73
52 74
52 77
52 79
52 80
52 88
52 93
52 98
52 99
52 100
52 102
52 106
52 110
52 121
52 122
52 135
52 141
52 149
52 155
53 54
53 57
53 59
53 60
53 65
53 74
53 77
53 83
53 91
53 104
53 106
53 116
53 122
53 126
53 133
53 138
53 141
53 144
53 147
53 149
53 150
53 154
54 55
54 60
54 64
54 69
54 72
54 75
54 77
54 86
54 87
54 95
54 106
54 107
54 108
54 127
54 134
54 136
54 141
54 143
54 144
54 149
54 151
54 156
54 157
55 56
55 60
55 62
55 66
55 71
55 80
55 81
55 83
55 84
55 85
55 94
55 96
55 107
55 111
55 121
55 124
55 127
55 130
55 134
55 136
55 142
56 61
56 73
56 83
56 88
56 94
56 96
56 108
56 112
56 124
56 125
56 127
56 129
56 130
56 134
56 135
56 136
56 140
56 141
56 143
56 150
56 151
56 153
57 63
57 64
57 68
57 71
57 76
57 80
57 81
57 84
57 87
57 94
57 98
57 99
57 104
57 109
57 111
57 113
57 116
57 120
57 122
57 123
57 125
57 133
57 136
57 139
57 145
57 146
57 155
58 62
58 66
58 67
58 84
58 85
58 89
58 96
58 106
58 119
58 120
58 121
58 126
58 127
58 136
58 138
58 140
58 142
58 144
58 155
59 61
59 66
59 67
59 76
59 78
59 81
59 82
59 85
59 94
59 96
59 99
59 101
59 104
59 105
59 106
59 109
59 113
59 114
59 116
59 117
59 145
59 147
59 155
59 156
60 68
60 69
60 77
60 85
60 93
60 104
60 106
60 116
60 117
60 118
60 122
60 129
60 134
60 143
60 155
60 156
60 159
61 66
61 81
61 82
61 84
61 91
61 93
61 94
61 104
61 107
61 108
61 114
61 115
61 118
61 119
61 120
61 121
61 135
61 143
61 148
61 158
62 68
62 74
62 83
62 84
62 90
62 92
62 93
62 100
62 107
62 108
62 116
62 117
62 127
62 130
62 132
62 143
62 147
62 157
63 66
63 72
63 73
63 84
63 86
63 88
63 90
63 95
63 96
63 102
63 105
63 117
63 120
63 129
63 131
63 136
63 140
63 148
63 151
64 65
64 66
64 73
64 75
64 82
64 87
64 95
64 99
64 102
64 104
64 106
64 111
64 115
64 127
64 130
64 136
64 137
64 138
64 145
64 146
64 150
64 151
65 69
65 90
65 93
65 97
65 109
65 115
65 122
65 124
65 135
65 141
65 143
65 147
65 150
65 152
66 77
66 79
66 81
66 92
66 94
66 99
66 101
66 102
66 113
66 116
66 117
66 125
66 133
66 137
66 141
66 142
66 146
66 150
66 155
67 74
67 75
67 76
67 78
67 79
67 83
67 84
67 85
67 90
67 94
67 100
67 105
67 106
67 111
67 123
67 125
67 133
67 137
67 143
67 151
68 72
68 80
68 81
68 89
68 90
68 92
68 103
68 125
68 130
68 143
68 144
68 150
68 151
68 152
68 156
69 72
69 74
69 78
69 91
69 92
69 93
69 95
69 96
69 97
69 103
69 109
69 112
69 123
69 124
69 125
69 135
69 136
69 139
69 141
69 148
69 156
70 71
70 76
70 83
70 104
70 106
70 107
70 108
70 122
70 127
70 130
70 141
70 145
70 152
70 153
71 72
71 76
71 100
71 110
71 123
71 137
71 150
71 154
71 157
72 84
72 90
72 97
72 100
72 105
72 109
72 110
72 120
72 121
72 127
72 128
72 131
72 139
72 141
72 152
72 158
72 159
73 88
73 90
73 99
73 109
73 112
73 114
73 117
73 119
73 125
73 127
73 130
73 136
73 146
73 148
73 155
74 84
74 99
74 102
74 106
74 112
74 113
74 122
74 127
74 134
74 139
74 143
74 144
74 146
74 151
74 155
74 158
75 77
75 78
75 85
75 86
75 88
75 91
75 92
75 96
75 107
75 109
75 118
75 121
75 123
75 126
75 127
75 137
75 139
75 141
75 157
76 79
76 83
76 86
76 91
76 95
76 97
76 101
76 102
76 105
76 114
76 125
76 128
76 130
76 131
76 132
76 134
76 139
76 141
76 149
76 156
76 158
77 86
77 95
77 96
77 112
77 115
77 130
77 138
77 140
77 142
77 146
77 148
77 152
77 155
77 159
78 79
78 81
78 84
78 93
78 95
78 115
78 116
78 118
78 123
78 132
78 133
78 135
78 137
78 144
78 146
78 156
79 81
79 83
79 86
79 87
79 103
79 112
79 117
79 118
79 124
79 128
79 140
79 141
79 147
79 149
79 152
79 154
79 158
80 87
80 102
80 103
80 106
80 107
80 111
80 122
80 123
80 127
80 131
80 134
80 138
80 141
80 145
80 146
80 147
80 155
81 85
81 87
81 90
81 94
81 96
81 100
81 102
81 106
81 108
81 114
81 117
81 133
81 136
81 146
81 147
81 148
81 155
82 92
82 93
82 106
82 112
82 114
82 117
82 118
82 126
82 128
82 137
82 150
82 152
83 86
83 87
83 89
83 99
83 101
83 102
83 106
83 113
83 114
83 119
83 129
83 130
83 131
83 133
83 134
83 143
83 146
84 85
84 90
84 93
84 103
84 105
84 110
84 114
84 116
84 118
84 119
84 120
84 122
84 127
84 128
84 133
84 135
84 137
84 138
84 143
84 149
84 152
84 158
85 88
85 106
85 110
85 116
85 117
85 123
85 125
85 127
85 131
85 139
85 144
85 156
85 158
86 90
86 96
86 102
86 106
86 109
86 115
86 124
86 131
86 134
86 137
86 152
86 156
87 92
87 95
87 96
87 97
87 103
87 105
87 108
87 114
87 116
87 134
87 136
87 137
87 139
87 141
87 144
87 147
87 148
87 153
87 154
88 92
88 93
88 100
88 102
88 107
88 121
88 131
88 133
88 137
88 138
88 140
88 141
88 144
88 147
88 157
89 96
89 101
89 105
89 113
89 116
89 121
89 127
89 131
89 132
89 137
89 139
89 147
89 149
89 152
89 157
89 159
90 97
90 99
90 100
90 103
90 108
90 111
90 118
90 119
90 120
90 130
90 135
90 144
90 145
90 148
90 153
90 156
90 157
91 96
91 98
91 112
91 113
91 114
91 120
91 124
91 140
91 143
91 152
91 154
91 158
91 159
92 95
92 102
92 106
92 109
92 113
92 129
92 131
92 132
92 145
92 146
92 147
92 149
92 157
92 159
93 102
93 107
93 110
93 134
93 142
93 146
93 154
93 157
93 158
94 99
94 116
94 117
94 119
94 122
94 124
94 125
94 140
94 147
94 158
94 159
95 97
95 101
95 105
95 110
95 113
95 117
95 129
95 133
95 139
95 149
95 151
95 152
96 97
96 99
96 100
96 109
96 110
96 114
96 122
96 136
96 137
96 141
96 142
96 144
96 152
96 153
96 156
97 105
97 113
97 114
97 121
97 130
97 136
97 141
97 143
97 151
97 154
97 157
98 106
98 110
98 114
98 115
98 123
98 128
98 140
98 148
98 150
98 154
98 155
98 159
99 105
99 109
99 114
99 115
99 119
99 124
99 128
99 130
99 132
99 142
99 145
99 156
99 157
100 105
100 107
100 117
100 118
100 127
100 133
100 137
100 139
101 102
101 104
101 111
101 131
101 142
101 146
101 147
101 152
101 153
101 155
101 159
102 104
102 105
102 123
102 124
102 125
102 126
102 128
102 141
102 158
103 108
103 119
103 143
103 146
103 153
104 108
104 109
104 111
104 117
104 122
104 139
104 144
104 149
104 159
105 112
105 115
105 120
105 140
105 141
105 144
105 149
105 150
105 156
106 111
106 117
106 122
106 131
106 132
106 146
106 152
106 156
106 157
107 108
107 111
107 115
107 116
107 121
107 126
107 128
107 132
107 133
107 136
107 137
107 146
107 148
107 151
107 158
108 110
108 111
108 114
108 121
108 123
108 125
108 131
108 144
108 146
108 147
108 148
108 149
108 150
108 154
108 156
109 110
109 115
109 124
109 125
109 127
109 134
109 153
109 155
109 159
110 129
110 130
110 131
110 134
110 135
110 139
110 141
110 145
110 147
110 149
110 158
111 112
111 114
111 122
111 125
111 127
111 134
111 135
111 151
112 116
112 132
112 134
112 154
113 118
113 119
113 123
113 131
113 132
113 134
113 135
113 138
113 141
113 144
113 148
114 119
114 121
114 123
114 128
114 131
114 136
114 141
114 151
114 156
115 131
115 134
115 135
115 138
115 139
115 140
115 144
115 148
115 155
115 156
116 120
116 124
116 129
116 137
116 138
116 141
116 154
116 156
117 123
117 135
117 143
117 144
117 148
117 151
117 152
117 156
118 120
118 123
118 125
118 129
118 139
118 143
118 145
118 149
118 150
118 157
118 159
119 127
119 128
119 139
119 143
119 144
119 146
119 152
119 153
120 126
120 127
120 144
120 145
120 146
120 150
120 158
121 140
121 142
121 144
121 145
121 151
122 127
122 129
122 138
122 153
123 134
123 143
123 150
123 154
123 158
124 127
124 130
124 131
124 149
124 157
125 129
125 131
125 132
125 145
125 153
126 140
126 141
126 144
126 147
126 157
127 130
127 133
127 134
127 136
127 137
127 147
127 159
128 137
128 159
129 132
129 140
129 150
129 153
129 157
130 131
130 132
130 138
130 139
130 149
131 137
131 151
132 133
132 135
132 136
132 146
132 153
133 141
134 135
134 145
134 147
134 155
134 156
135 150
135 154
135 155
136 140
136 144
136 146
136 154
136 155
137 142
137 145
137 148
137 153
137 157
137 159
138 141
138 151
138 154
139 149
139 151
139 157
140 143
140 147
140 154
141 147
141 148
141 154
142 146
142 156
143 153
143 159
144 145
144 146
144 151
144 155
144 156
145 146
145 149
145 150
145 151
145 152
146 152
146 157
146 159
147 154
147 157
148 150
148 151
148 157
149 150
149 153
150 152
150 156
151 152
151 153
155 156
156 159
157 159
