60
0 1
0 10
0 11
0 15
0 17
0 21
0 24
0 26
0 27
0 28
0 29
0 30
0 32
0 43
0 44
0 46
0 51
0 53
0 54
0 55
0 59
1 2
1 3
1 4
1 7
1 8
1 10
1 14
1 15
1 17
1 18
1 19
1 24
1 29
1 31
1 32
1 33
1 37
1 39
1 42
1 46
1 47
1 54
1 56
1 57
1 58
2 3
2 15
2 16
2 21
2 22
2 23
2 25
2 28
2 31
2 32
2 33
2 34
2 38
2 39
2 40
2 41
2 44
2 45
2 48
2 49
2 50
2 51
2 52
2 53
2 54
2 55
2 58
2 59
3 4
3 5
3 7
3 8
3 9
3 13
3 15
3 16
3 17
3 20
3 21
3 23
3 25
3 29
3 30
3 31
3 32
3 34
3 35
3 36
3 38
3 39
3 40
3 41
3 42
3 43
3 44
3 48
3 50
3 51
3 52
3 54
3 58
4 5
4 6
4 7
4 9
4 10
4 12
4 14
4 16
4 21
4 24
4 25
4 26
4 30
4 31
4 34
4 36
4 37
4 38
4 40
4 41
4 42
4 46
4 47
4 48
4 49
4 50
4 54
4 56
4 58
5 11
5 13
5 14
5 16
5 17
5 20
5 25
5 27
5 28
5 29
5 31
5 34
5 36
5 37
5 42
5 43
5 44
5 46
5 47
5 48
5 49
5 53
5 54
5 55
5 56
5 58
6 7
6 9
6 11
6 12
6 13
6 14
6 15
6 16
6 18
6 20
6 22
6 23
6 26
6 28
6 31
6 32
6 34
6 35
6 37
6 39
6 41
6 42
6 44
6 45
6 47
6 48
6 49
6 51
6 53
6 54
6 59
7 10
7 11
7 12
7 14
7 18
7 19
7 20
7 21
7 22
7 25
7 28
7 29
7 32
7 36
7 38
7 41
7 45
7 46
7 48
7 50
7 51
7 54
7 56
7 57
8 9
8 10
8 13
8 14
8 17
8 19
8 20
8 22
8 23
8 24
8 25
8 29
8 31
8 32
8 33
8 34
8 38
8 39
8 41
8 45
8 46
8 48
8 49
8 50
8 51
8 52
8 53
8 55
8 56
8 58
8 59
9 10
9 12
9 13
9 14
9 19
9 20
9 21
9 22
9 23
9 24
9 25
9 28
9 29
9 30
9 32
9 37
9 38
9 43
9 45
9 46
9 47
9 48
9 49
9 52
9 55
9 56
9 57
10 12
10 14
10 15
10 16
10 17
10 19
10 21
10 22
10 24
10 25
10 26
10 27
10 31
10 33
10 36
10 37
10 39
10 45
10 47
10 48
10 50
10 55
10 56
10 57
11 13
11 14
11 18
11 19
11 20
11 21
11 22
11 24
11 25
11 26
11 30
11 31
11 32
11 36
11 37
11 39
11 40
11 41
11 42
11 46
11 47
11 48
11 52
11 53
11 54
11 56
11 59
12 15
12 20
12 23
12 24
12 26
12 28
12 29
12 31
12 33
12 35
12 36
12 37
12 40
12 42
12 44
12 45
12 47
12 48
12 49
12 50
12 51
12 52
12 53
12 54
12 56
12 57
12 58
12 59
13 15
13 17
13 26
13 27
13 30
13 31
13 34
13 36
13 37
13 38
13 39
13 40
13 41
13 42
13 45
13 49
13 50
13 51
13 55
13 57
14 16
14 18
14 20
14 22
14 23
14 26
14 27
14 35
14 36
14 38
14 40
14 41
14 47
14 48
14 50
14 52
14 57
14 58
14 59
15 16
15 18
15 19
15 20
15 21
15 24
15 25
15 27
15 32
15 33
15 34
15 35
15 37
15 39
15 44
15 45
15 48
15 51
15 53
15 56
15 58
16 19
16 21
16 24
16 27
16 29
16 30
16 31
16 32
16 33
16 35
16 37
16 39
16 44
16 45
16 46
16 49
16 50
16 51
16 52
16 57
16 58
17 20
17 23
17 24
17 26
17 29
17 30
17 36
17 38
17 39
17 41
17 43
17 44
17 46
17 48
17 49
17 52
17 58
18 19
18 20
18 26
18 27
18 29
18 31
18 32
18 35
18 36
18 37
18 38
18 39
18 40
18 41
18 42
18 43
18 44
18 46
18 48
18 50
18 53
18 56
18 57
18 58
19 20
19 21
19 24
19 26
19 30
19 31
19 34
19 35
19 36
19 39
19 41
19 44
19 47
19 48
19 51
19 53
19 55
19 56
19 57
20 22
20 23
20 24
20 27
20 28
20 30
20 31
20 32
20 35
20 36
20 37
20 38
20 40
20 43
20 44
20 46
20 48
20 53
20 54
20 55
20 56
20 57
21 24
21 28
21 30
21 34
21 36
21 38
21 39
21 40
21 42
21 44
21 48
21 49
21 52
21 54
21 59
22 25
22 26
22 27
22 28
22 30
22 31
22 33
22 34
22 36
22 37
22 38
22 40
22 41
22 43
22 44
22 46
22 47
22 48
22 49
22 51
22 52
22 55
22 58
23 24
23 26
23 27
23 28
23 29
23 31
23 32
23 33
23 34
23 36
23 39
23 43
23 46
23 49
23 50
23 51
23 54
24 25
24 26
24 30
24 31
24 32
24 33
24 35
24 38
24 43
24 44
24 47
24 48
24 51
24 55
24 56
24 59
25 26
25 27
25 30
25 31
25 32
25 33
25 34
25 35
25 36
25 37
25 38
25 39
25 40
25 42
25 45
25 48
25 49
25 51
25 56
25 57
26 32
26 34
26 35
26 36
26 38
26 39
26 41
26 44
26 45
26 46
26 48
26 49
26 51
26 54
26 55
26 56
26 57
27 32
27 33
27 35
27 36
27 37
27 38
27 39
27 40
27 42
27 46
27 47
27 50
27 53
27 58
28 30
28 31
28 34
28 36
28 38
28 39
28 40
28 42
28 45
28 46
28 55
28 56
28 57
28 58
28 59
29 30
29 31
29 33
29 34
29 42
29 43
29 44
29 45
29 47
29 49
29 50
29 51
29 52
29 53
29 55
29 57
29 59
30 31
30 32
30 33
30 34
30 36
30 40
30 41
30 43
30 45
30 46
30 48
30 49
30 50
30 51
30 52
30 54
30 57
30 59
31 33
31 34
31 35
31 39
31 40
31 41
31 42
31 43
31 46
31 55
31 56
31 57
31 58
31 59
32 33
32 36
32 37
32 39
32 40
32 42
32 46
32 47
32 48
32 49
32 50
32 52
32 54
32 57
32 58
33 34
33 35
33 38
33 40
33 41
33 46
33 47
33 50
33 52
33 53
33 54
33 59
34 37
34 39
34 42
34 43
34 45
34 46
34 47
34 48
34 49
34 51
34 52
34 53
34 55
34 56
34 59
35 36
35 37
35 38
35 39
35 41
35 42
35 47
35 48
35 49
35 50
35 51
35 52
35 53
35 54
35 55
35 56
35 58
36 37
36 38
36 39
36 44
36 47
36 48
36 51
36 52
36 53
36 54
36 55
36 56
36 57
36 58
36 59
37 38
37 39
37 41
37 43
37 45
37 46
37 47
37 51
37 53
37 55
37 58
38 39
38 41
38 42
38 43
38 44
38 46
38 50
38 55
38 56
38 57
38 58
39 42
39 43
39 44
39 46
39 48
39 49
39 53
39 54
39 59
40 41
40 43
40 45
40 48
40 51
40 54
40 58
40 59
41 44
41 45
41 53
41 54
41 55
42 43
42 44
42 45
42 54
42 55
42 59
43 44
43 46
43 48
43 49
43 52
43 53
43 54
43 55
43 59
44 45
44 46
44 48
44 49
44 52
44 54
44 55
44 56
44 59
45 47
45 48
45 49
45 50
45 51
45 52
45 53
45 54
45 56
45 58
46 48
46 49
46 54
46 56
46 59
47 49
47 50
47 52
47 54
47 58
48 49
48 51
48 52
48 53
48 54
48 57
48 58
49 50
49 53
49 55
49 56
49 59
50 51
50 52
50 53
50 54
50 55
50 57
50 59
51 52
51 53
51 54
51 57
51 59
52 53
52 54
52 55
52 56
52 58
53 56
53 57
53 59
54 57
55 58
56 59
