60
0 1
0 2
0 4
0 5
0 10
0 13
0 15
0 16
0 17
0 18
0 19
0 21
0 24
0 26
0 30
0 32
0 33
0 36
0 38
0 39
0 40
0 41
0 42
0 43
0 45
0 46
0 48
0 51
0 53
0 54
0 58
0 59
1 3
1 6
1 7
1 8
1 9
1 12
1 13
1 14
1 16
1 17
1 19
1 21
1 22
1 24
1 25
1 26
1 27
1 29
1 33
1 34
1 35
1 36
1 37
1 39
1 43
1 44
1 46
1 48
1 49
1 53
1 55
1 56
1 57
1 58
1 59
2 5
2 6
2 7
2 8
2 9
2 10
2 12
2 16
2 19
2 21
2 23
2 24
2 25
2 26
2 27
2 28
2 29
2 31
2 35
2 37
2 42
2 43
2 46
2 47
2 49
2 52
2 54
2 55
2 56
2 57
2 58
2 59
3 4
3 5
3 7
3 9
3 10
3 11
3 14
3 15
3 20
3 21
3 22
3 23
3 26
3 27
3 28
3 29
3 34
3 37
3 39
3 40
3 45
3 48
3 54
3 58
3 59
4 5
4 7
4 8
4 9
4 13
4 15
4 17
4 18
4 19
4 20
4 21
4 27
4 29
4 30
4 32
4 33
4 38
4 39
4 40
4 41
4 42
4 43
4 44
4 45
4 48
4 51
4 54
4 58
5 7
5 8
5 11
5 12
5 14
5 18
5 19
5 21
5 22
5 26
5 29
5 31
5 32
5 33
5 34
5 36
5 37
5 39
5 40
5 42
5 43
5 44
5 46
5 47
5 53
5 54
5 55
5 56
5 57
5 58
5 59
6 7
6 8
6 9
6 11
6 15
6 17
6 18
6 19
6 23
6 24
6 25
6 28
6 30
6 31
6 32
6 34
6 36
6 37
6 40
6 42
6 43
6 46
6 47
6 52
6 53
6 55
6 57
6 58
6 59
7 9
7 10
7 12
7 13
7 14
7 17
7 19
7 21
7 22
7 23
7 25
7 28
7 29
7 30
7 32
7 33
7 35
7 36
7 39
7 43
7 52
7 54
7 56
7 57
7 58
7 59
8 10
8 12
8 13
8 15
8 18
8 21
8 22
8 24
8 25
8 28
8 30
8 33
8 35
8 36
8 37
8 38
8 41
8 44
8 46
8 47
8 50
8 52
8 54
8 55
8 56
9 12
9 16
9 17
9 19
9 20
9 21
9 23
9 25
9 27
9 31
9 32
9 35
9 36
9 37
9 38
9 39
9 40
9 41
9 43
9 49
9 50
9 53
9 55
9 57
9 58
9 59
10 11
10 15
10 21
10 23
10 24
10 25
10 29
10 30
10 31
10 35
10 37
10 39
10 44
10 45
10 47
10 52
10 53
10 54
10 56
10 57
11 12
11 13
11 14
11 20
11 26
11 27
11 28
11 34
11 36
11 39
11 41
11 43
11 47
11 49
11 52
11 53
11 57
11 58
11 59
12 13
12 15
12 21
12 22
12 24
12 26
12 28
12 30
12 33
12 36
12 40
12 41
12 45
12 46
12 47
12 48
12 49
12 50
12 54
12 56
12 57
12 58
12 59
13 17
13 18
13 19
13 21
13 22
13 24
13 26
13 27
13 30
13 32
13 33
13 34
13 35
13 37
13 38
13 39
13 40
13 41
13 42
13 47
13 53
13 54
13 56
13 57
14 16
14 17
14 20
14 21
14 22
14 23
14 26
14 27
14 31
14 32
14 33
14 36
14 41
14 45
14 46
14 47
14 48
14 49
14 50
14 53
14 56
14 58
15 19
15 20
15 25
15 27
15 37
15 38
15 41
15 42
15 46
15 47
15 48
15 51
15 53
15 55
15 58
15 59
16 18
16 19
16 20
16 21
16 23
16 24
16 25
16 28
16 32
16 33
16 35
16 37
16 39
16 40
16 42
16 43
16 44
16 45
16 49
16 51
16 52
16 54
16 55
16 57
16 58
17 18
17 19
17 20
17 22
17 23
17 25
17 26
17 27
17 28
17 31
17 33
17 34
17 36
17 37
17 38
17 41
17 43
17 44
17 47
17 48
17 49
17 53
17 55
17 59
18 24
18 25
18 26
18 28
18 29
18 31
18 32
18 33
18 34
18 35
18 39
18 41
18 42
18 47
18 50
18 52
18 53
18 55
18 57
18 58
19 20
19 22
19 23
19 24
19 25
19 26
19 28
19 31
19 32
19 33
19 34
19 37
19 40
19 43
19 44
19 46
19 51
19 52
19 56
19 57
19 58
20 22
20 24
20 26
20 32
20 36
20 38
20 40
20 41
20 43
20 44
20 45
20 46
20 48
20 50
20 51
20 52
20 53
20 57
21 22
21 25
21 26
21 27
21 29
21 30
21 31
21 38
21 39
21 42
21 43
21 44
21 45
21 49
21 50
21 51
21 53
21 55
21 56
21 59
22 23
22 24
22 27
22 28
22 29
22 35
22 37
22 38
22 39
22 41
22 42
22 43
22 47
22 49
22 50
22 52
22 53
22 54
22 56
23 25
23 30
23 31
23 35
23 36
23 38
23 41
23 42
23 43
23 45
23 49
23 51
23 54
23 56
23 59
24 27
24 28
24 29
24 30
24 35
24 36
24 37
24 38
24 39
24 41
24 46
24 49
24 50
24 51
24 52
24 57
24 58
25 26
25 28
25 29
25 34
25 38
25 39
25 40
25 41
25 43
25 44
25 48
25 54
25 57
25 58
25 59
26 27
26 28
26 29
26 30
26 33
26 35
26 36
26 39
26 41
26 42
26 43
26 44
26 45
26 46
26 51
26 53
26 54
26 59
27 28
27 31
27 32
27 33
27 34
27 35
27 36
27 42
27 43
27 44
27 45
27 47
27 51
27 52
27 55
27 56
27 58
28 30
28 32
28 33
28 34
28 35
28 36
28 38
28 39
28 42
28 43
28 44
28 45
28 46
28 47
28 49
28 52
28 59
29 30
29 31
29 32
29 35
29 38
29 40
29 41
29 42
29 44
29 45
29 46
29 48
29 51
29 53
29 55
29 56
29 58
29 59
30 32
30 36
30 37
30 38
30 39
30 40
30 43
30 45
30 46
30 48
30 49
30 50
30 51
30 52
30 53
30 54
30 56
31 33
31 34
31 35
31 37
31 39
31 40
31 41
31 42
31 43
31 47
31 48
31 49
31 51
31 52
31 55
31 56
31 59
32 34
32 36
32 38
32 41
32 43
32 44
32 45
32 47
32 49
32 50
32 51
32 53
32 57
32 58
33 34
33 35
33 39
33 40
33 43
33 44
33 47
33 51
33 52
33 54
33 55
33 56
33 57
34 36
34 37
34 38
34 42
34 45
34 46
34 48
34 50
34 52
34 54
34 58
35 38
35 42
35 44
35 47
35 48
35 49
35 50
35 51
35 52
35 53
35 56
35 58
36 38
36 39
36 42
36 43
36 44
36 45
36 47
36 49
36 54
36 55
36 56
36 57
36 58
37 38
37 42
37 45
37 46
37 47
37 48
37 49
37 50
37 51
37 52
37 54
37 55
37 57
37 58
38 41
38 42
38 47
38 48
38 50
38 52
38 53
38 54
38 57
38 59
39 40
39 43
39 44
39 45
39 50
39 51
39 52
39 53
39 54
39 57
39 58
40 41
40 44
40 46
40 47
40 48
40 49
40 50
40 52
40 53
40 56
41 42
41 43
41 44
41 45
41 47
41 49
41 50
41 55
41 56
41 58
41 59
42 45
42 46
42 50
42 52
42 57
42 58
42 59
43 46
43 48
43 49
43 51
43 53
43 56
43 59
44 47
44 51
44 53
44 56
44 57
44 59
45 46
45 52
45 53
45 54
45 55
46 47
46 48
46 50
46 51
46 52
46 53
46 54
46 56
46 58
47 53
47 54
47 57
48 51
48 55
48 57
48 58
48 59
49 52
49 55
49 56
49 58
50 52
50 54
50 55
50 56
51 52
51 56
51 58
52 53
52 56
52 58
53 54
53 55
53 56
53 57
53 58
53 59
54 55
55 56
55 57
55 58
56 59
57 58
57 59
58 59
