60
0 1
0 2
0 4
0 5
0 8
0 9
0 15
0 16
0 17
0 18
0 19
0 22
0 23
0 29
0 33
0 35
0 37
0 39
0 43
0 44
0 46
0 47
0 48
0 50
0 53
0 54
0 56
1 2
1 3
1 5
1 6
1 7
1 11
1 14
1 16
1 17
1 18
1 23
1 26
1 29
1 30
1 31
1 32
1 33
1 34
1 36
1 37
1 38
1 41
1 42
1 44
1 46
1 47
1 50
1 54
1 59
2 3
2 4
2 7
2 8
2 9
2 10
2 12
2 13
2 15
2 17
2 18
2 19
2 21
2 22
2 23
2 25
2 27
2 28
2 29
2 32
2 40
2 41
2 42
2 44
2 46
2 47
2 48
2 49
2 50
2 51
2 52
2 53
2 55
2 59
3 4
3 5
3 7
3 9
3 10
3 14
3 17
3 18
3 19
3 22
3 24
3 25
3 30
3 32
3 37
3 44
3 48
3 49
3 51
3 53
3 55
3 58
3 59
4 5
4 6
4 8
4 9
4 11
4 12
4 15
4 17
4 21
4 23
4 24
4 27
4 28
4 29
4 34
4 36
4 37
4 38
4 39
4 41
4 44
4 45
4 46
4 49
4 53
4 56
4 58
4 59
5 7
5 8
5 14
5 17
5 18
5 19
5 21
5 25
5 26
5 27
5 29
5 30
5 31
5 32
5 33
5 35
5 36
5 37
5 39
5 42
5 44
5 45
5 46
5 47
5 48
5 49
5 50
5 53
5 54
5 55
5 58
6 8
6 11
6 12
6 13
6 14
6 17
6 18
6 19
6 21
6 22
6 24
6 25
6 26
6 27
6 28
6 33
6 34
6 38
6 39
6 41
6 42
6 45
6 47
6 49
6 50
6 53
6 54
6 56
6 57
6 58
7 8
7 13
7 17
7 18
7 19
7 20
7 22
7 23
7 25
7 27
7 31
7 33
7 34
7 35
7 36
7 42
7 45
7 46
7 48
7 49
7 50
7 51
7 52
7 53
7 55
8 9
8 10
8 11
8 12
8 19
8 21
8 25
8 26
8 27
8 28
8 32
8 37
8 38
8 41
8 42
8 45
8 46
8 48
8 49
8 50
8 51
8 53
8 55
8 58
8 59
9 10
9 11
9 13
9 14
9 15
9 16
9 22
9 25
9 28
9 29
9 33
9 34
9 37
9 38
9 39
9 40
9 41
9 43
9 44
9 46
9 47
9 48
9 49
9 51
9 52
9 53
9 55
9 57
9 58
10 14
10 15
10 16
10 18
10 20
10 21
10 23
10 24
10 29
10 33
10 34
10 37
10 38
10 39
10 40
10 41
10 43
10 44
10 45
10 46
10 47
10 51
10 52
10 54
10 55
10 58
11 15
11 19
11 20
11 27
11 29
11 31
11 32
11 33
11 34
11 35
11 41
11 43
11 45
11 48
11 53
11 55
11 56
11 57
12 13
12 14
12 15
12 16
12 17
12 20
12 21
12 23
12 25
12 35
12 37
12 38
12 42
12 44
12 45
12 46
12 53
12 54
12 56
12 57
12 58
13 17
13 18
13 19
13 20
13 21
13 22
13 23
13 25
13 29
13 33
13 34
13 35
13 36
13 38
13 41
13 44
13 45
13 47
13 50
13 51
13 52
13 54
13 55
13 58
13 59
14 15
14 16
14 17
14 19
14 20
14 21
14 25
14 26
14 28
14 29
14 31
14 32
14 33
14 37
14 40
14 42
14 43
14 44
14 45
14 46
14 49
14 50
14 54
14 57
14 58
14 59
15 16
15 17
15 20
15 24
15 26
15 29
15 32
15 37
15 41
15 46
15 49
15 50
15 51
15 52
15 56
15 57
16 20
16 21
16 22
16 23
16 24
16 27
16 29
16 32
16 33
16 34
16 38
16 40
16 43
16 47
16 48
16 51
16 52
16 54
16 55
16 56
16 58
16 59
17 19
17 20
17 23
17 24
17 25
17 27
17 29
17 30
17 31
17 32
17 33
17 34
17 36
17 38
17 40
17 41
17 47
17 48
17 49
17 52
17 53
17 55
17 59
18 20
18 21
18 22
18 25
18 26
18 27
18 28
18 29
18 30
18 32
18 33
18 34
18 36
18 37
18 38
18 39
18 41
18 43
18 47
18 48
18 49
18 51
18 54
18 55
18 56
18 57
19 20
19 21
19 22
19 25
19 28
19 30
19 31
19 34
19 35
19 36
19 37
19 38
19 40
19 50
19 51
19 53
19 57
19 58
19 59
20 22
20 25
20 28
20 29
20 32
20 34
20 35
20 36
20 38
20 40
20 41
20 43
20 44
20 51
20 53
20 54
20 57
20 58
21 27
21 29
21 31
21 37
21 39
21 41
21 42
21 43
21 44
21 46
21 47
21 48
21 50
21 55
21 59
22 23
22 24
22 27
22 29
22 30
22 32
22 34
22 35
22 37
22 38
22 43
22 46
22 47
22 48
22 49
22 50
22 54
22 55
22 56
23 24
23 26
23 27
23 32
23 33
23 36
23 37
23 39
23 40
23 41
23 42
23 43
23 45
23 48
23 50
23 53
23 56
23 57
24 26
24 27
24 28
24 31
24 33
24 36
24 40
24 41
24 42
24 44
24 45
24 46
24 48
24 53
24 57
25 26
25 30
25 31
25 34
25 36
25 38
25 39
25 42
25 43
25 44
25 48
25 49
25 50
25 51
25 54
25 56
25 57
25 59
26 28
26 30
26 31
26 32
26 33
26 34
26 35
26 40
26 44
26 47
26 48
26 49
26 50
26 51
26 52
26 53
26 54
26 55
26 57
26 58
27 28
27 30
27 34
27 42
27 44
27 48
27 52
27 53
27 54
27 58
27 59
28 29
28 30
28 32
28 34
28 42
28 44
28 47
28 48
28 49
28 51
28 53
28 54
28 59
29 32
29 40
29 41
29 42
29 43
29 44
29 45
29 47
29 48
29 52
29 55
29 56
29 57
29 59
30 32
30 33
30 34
30 35
30 36
30 37
30 38
30 40
30 41
30 46
30 47
30 48
30 49
30 51
30 52
30 53
30 55
30 59
31 33
31 35
31 36
31 39
31 40
31 43
31 44
31 46
31 48
31 49
31 50
31 55
31 56
31 57
32 37
32 38
32 39
32 44
32 46
32 47
32 48
32 50
32 51
32 52
32 53
32 54
32 55
32 59
33 35
33 36
33 37
33 39
33 40
33 41
33 42
33 43
33 44
33 45
33 47
33 50
33 51
33 56
34 35
34 37
34 40
34 43
34 44
34 45
34 48
34 49
34 50
34 51
34 53
34 55
35 36
35 38
35 40
35 41
35 43
35 44
35 46
35 47
35 48
35 49
35 52
35 53
35 56
35 59
36 38
36 40
36 42
36 43
36 44
36 47
36 48
36 49
36 50
36 52
36 53
36 54
36 55
36 57
36 59
37 39
37 41
37 45
37 48
37 49
37 53
37 55
37 59
38 39
38 42
38 44
38 47
38 48
38 50
38 52
38 54
38 58
38 59
39 42
39 43
39 44
39 45
39 46
39 48
39 51
39 52
39 53
39 57
39 59
40 41
40 43
40 44
40 45
40 47
40 48
40 50
40 51
40 52
40 53
40 55
40 56
40 57
40 58
40 59
41 42
41 45
41 46
41 48
41 49
41 51
41 54
41 55
41 56
41 58
42 43
42 44
42 48
42 49
42 52
42 53
42 54
42 56
42 57
42 59
43 45
43 46
43 48
43 49
43 57
43 58
44 45
44 48
44 50
44 51
44 53
44 54
44 55
44 56
44 58
44 59
45 46
45 47
45 48
45 51
45 53
45 54
45 57
45 58
45 59
46 47
46 48
46 49
46 50
46 53
46 57
47 49
47 52
47 53
48 52
48 54
48 55
48 56
48 59
49 52
49 53
49 55
49 56
49 57
49 59
50 52
50 55
51 52
51 53
51 56
51 57
52 53
52 54
52 55
52 56
53 54
53 55
53 56
53 58
54 57
54 58
54 59
55 56
55 57
55 58
56 57
56 58
56 59
57 58
57 59
58 59
