60
0 1
0 2
0 3
0 4
0 6
0 8
0 9
0 10
0 11
0 12
0 13
0 15
0 20
0 21
0 22
0 23
0 25
0 28
0 29
0 30
0 31
0 33
0 34
0 35
0 38
0 39
0 40
0 41
0 43
0 47
0 49
0 50
0 51
0 53
0 55
0 56
1 4
1 6
1 7
1 8
1 9
1 10
1 11
1 12
1 13
1 16
1 17
1 24
1 26
1 33
1 34
1 35
1 36
1 37
1 45
1 46
1 47
1 49
1 51
1 55
1 56
1 57
1 58
2 3
2 5
2 6
2 7
2 8
2 9
2 13
2 14
2 16
2 21
2 22
2 25
2 26
2 27
2 28
2 31
2 34
2 35
2 39
2 41
2 43
2 45
2 46
2 47
2 50
2 51
2 52
2 54
2 55
2 57
2 59
3 5
3 6
3 8
3 10
3 11
3 12
3 13
3 14
3 17
3 18
3 19
3 21
3 22
3 23
3 24
3 32
3 35
3 36
3 37
3 42
3 44
3 46
3 47
3 51
3 52
3 54
3 58
4 6
4 7
4 12
4 13
4 15
4 16
4 17
4 18
4 23
4 24
4 26
4 28
4 31
4 32
4 33
4 34
4 35
4 36
4 38
4 39
4 40
4 41
4 42
4 47
4 48
4 49
4 50
4 52
4 53
4 56
5 7
5 8
5 13
5 17
5 18
5 19
5 23
5 25
5 26
5 27
5 29
5 31
5 32
5 33
5 39
5 40
5 43
5 45
5 46
5 47
5 49
5 52
5 55
5 59
6 8
6 9
6 12
6 13
6 14
6 16
6 19
6 21
6 24
6 25
6 26
6 28
6 29
6 30
6 32
6 33
6 34
6 36
6 38
6 40
6 43
6 44
6 45
6 48
6 49
6 50
6 51
6 52
6 54
6 59
7 9
7 10
7 12
7 13
7 18
7 19
7 20
7 21
7 24
7 26
7 27
7 28
7 30
7 31
7 32
7 33
7 34
7 35
7 38
7 39
7 42
7 43
7 46
7 48
7 49
7 54
7 55
7 57
7 58
7 59
8 11
8 13
8 18
8 19
8 21
8 22
8 23
8 24
8 25
8 26
8 31
8 32
8 33
8 34
8 35
8 36
8 45
8 46
8 47
8 48
8 49
8 50
8 52
8 53
8 54
8 55
8 56
9 13
9 18
9 19
9 20
9 23
9 28
9 29
9 30
9 31
9 34
9 35
9 36
9 37
9 39
9 40
9 41
9 42
9 44
9 46
9 47
9 48
9 50
9 52
9 53
9 54
9 55
9 57
10 14
10 17
10 18
10 20
10 21
10 22
10 23
10 25
10 27
10 28
10 30
10 32
10 33
10 34
10 36
10 37
10 38
10 40
10 45
10 46
10 53
10 54
10 56
10 57
11 15
11 16
11 17
11 24
11 26
11 27
11 28
11 32
11 33
11 34
11 36
11 37
11 38
11 39
11 42
11 43
11 44
11 45
11 49
11 50
11 51
11 52
11 53
11 54
11 55
11 57
12 17
12 18
12 19
12 21
12 22
12 25
12 26
12 27
12 29
12 30
12 32
12 34
12 35
12 36
12 37
12 40
12 42
12 43
12 44
12 49
12 51
12 52
12 53
12 55
12 56
13 14
13 15
13 18
13 22
13 23
13 25
13 27
13 28
13 32
13 34
13 36
13 38
13 48
13 49
13 50
13 52
13 53
13 54
13 57
14 15
14 16
14 20
14 21
14 22
14 23
14 25
14 27
14 28
14 30
14 32
14 33
14 36
14 39
14 42
14 43
14 44
14 45
14 47
14 52
14 56
15 16
15 17
15 18
15 19
15 21
15 22
15 23
15 26
15 28
15 29
15 30
15 31
15 33
15 35
15 37
15 40
15 44
15 45
15 47
15 48
15 49
15 50
15 52
15 57
16 18
16 20
16 25
16 26
16 27
16 28
16 31
16 33
16 34
16 35
16 39
16 40
16 41
16 43
16 44
16 47
16 48
16 54
16 56
16 57
16 58
16 59
17 19
17 20
17 22
17 24
17 25
17 29
17 30
17 32
17 33
17 37
17 38
17 40
17 42
17 43
17 44
17 47
17 49
17 51
17 53
17 55
17 56
17 57
17 58
17 59
18 20
18 27
18 29
18 30
18 33
18 36
18 37
18 38
18 39
18 40
18 41
18 49
18 52
18 54
18 56
18 58
19 26
19 27
19 30
19 31
19 34
19 35
19 36
19 37
19 39
19 45
19 47
19 49
19 53
19 55
19 56
19 57
19 58
19 59
20 22
20 24
20 25
20 27
20 29
20 30
20 32
20 33
20 34
20 36
20 37
20 42
20 44
20 47
20 52
20 54
20 57
20 59
21 22
21 23
21 24
21 27
21 28
21 29
21 30
21 32
21 34
21 37
21 46
21 48
21 56
21 58
21 59
22 23
22 29
22 32
22 33
22 34
22 35
22 37
22 39
22 40
22 43
22 44
22 46
22 47
22 50
22 52
22 53
22 57
23 24
23 27
23 29
23 30
23 31
23 32
23 33
23 35
23 36
23 37
23 39
23 40
23 43
23 45
23 46
23 47
23 51
23 52
23 53
23 55
23 56
23 58
24 26
24 27
24 28
24 29
24 30
24 32
24 34
24 35
24 36
24 37
24 38
24 40
24 41
24 42
24 43
24 44
24 45
24 46
24 49
24 52
24 53
24 57
24 58
25 27
25 28
25 31
25 34
25 35
25 38
25 39
25 41
25 42
25 47
25 50
25 52
25 53
26 27
26 29
26 32
26 33
26 34
26 35
26 38
26 40
26 45
26 46
26 48
26 49
26 50
26 51
26 52
26 56
26 59
27 28
27 29
27 34
27 36
27 44
27 46
27 47
27 49
27 51
27 52
27 54
27 55
27 57
27 58
28 30
28 33
28 34
28 35
28 38
28 42
28 43
28 44
28 47
28 49
28 50
28 51
28 52
28 53
28 54
28 56
28 57
29 30
29 32
29 34
29 35
29 38
29 44
29 46
29 47
29 49
29 50
29 51
29 52
29 53
29 54
29 55
29 56
29 57
29 58
29 59
30 33
30 34
30 38
30 40
30 41
30 42
30 43
30 46
30 47
30 48
30 51
30 52
30 53
30 55
30 57
30 58
31 34
31 35
31 36
31 39
31 41
31 44
31 46
31 47
31 50
31 51
31 53
31 54
31 55
31 56
31 58
32 34
32 35
32 36
32 37
32 38
32 40
32 41
32 44
32 47
32 52
32 53
32 59
33 35
33 36
33 38
33 39
33 41
33 44
33 46
33 47
33 51
33 54
33 55
33 57
33 59
34 35
34 37
34 38
34 41
34 44
34 47
34 49
34 50
34 52
34 53
34 57
35 40
35 42
35 47
35 48
35 49
35 50
35 52
35 53
35 54
35 56
35 58
35 59
36 38
36 40
36 43
36 44
36 47
36 48
36 50
36 51
36 52
36 54
37 38
37 43
37 44
37 45
37 47
37 49
37 50
37 53
37 54
37 56
37 57
38 40
38 41
38 47
38 49
38 50
38 51
38 52
38 53
38 58
39 44
39 45
39 47
39 48
39 49
39 58
40 42
40 43
40 47
40 48
40 49
40 51
40 53
40 57
40 58
40 59
41 43
41 44
41 45
41 47
41 48
41 49
41 50
41 51
41 52
41 53
41 54
41 55
41 57
41 59
42 43
42 45
42 48
42 49
42 50
42 52
42 53
42 54
42 55
42 58
42 59
43 44
43 45
43 48
43 49
43 50
43 51
43 52
43 53
43 55
43 56
43 57
43 58
44 48
44 49
44 50
44 51
44 52
44 56
45 48
45 50
45 51
45 52
45 53
45 56
46 47
46 48
46 49
46 50
46 51
46 56
46 57
46 58
47 50
47 51
47 55
47 56
47 58
47 59
48 52
48 55
48 56
48 58
48 59
49 50
49 53
49 54
50 54
50 55
50 56
50 57
50 58
50 59
51 52
51 53
51 55
51 57
51 58
51 59
52 58
52 59
53 56
54 55
54 57
54 59
55 57
56 58
57 58
