60
0 3
0 4
0 5
0 7
0 9
0 10
0 11
0 13
0 16
0 18
0 19
0 23
0 24
0 28
0 32
0 33
0 34
0 37
0 40
0 41
0 45
0 46
0 51
0 52
0 55
0 56
0 57
0 58
1 7
1 8
1 9
1 11
1 12
1 14
1 15
1 17
1 19
1 22
1 23
1 24
1 28
1 30
1 34
1 40
1 41
1 46
1 51
1 52
1 54
1 57
1 58
2 5
2 6
2 7
2 8
2 9
2 12
2 13
2 14
2 16
2 17
2 18
2 19
2 20
2 24
2 25
2 27
2 28
2 29
2 30
2 32
2 34
2 35
2 36
2 38
2 40
2 41
2 42
2 43
2 44
2 45
2 47
2 48
2 49
2 52
2 56
2 57
3 5
3 7
3 10
3 11
3 15
3 18
3 23
3 24
3 26
3 27
3 28
3 29
3 33
3 34
3 35
3 38
3 39
3 40
3 41
3 45
3 47
3 48
3 49
3 51
3 53
3 54
3 57
3 58
3 59
4 5
4 6
4 9
4 10
4 12
4 13
4 14
4 15
4 16
4 17
4 20
4 21
4 22
4 23
4 24
4 26
4 27
4 30
4 32
4 33
4 35
4 36
4 37
4 38
4 40
4 41
4 42
4 43
4 44
4 45
4 47
4 48
4 50
4 51
4 55
4 58
4 59
5 6
5 9
5 10
5 11
5 17
5 18
5 19
5 20
5 21
5 24
5 26
5 28
5 30
5 32
5 34
5 35
5 36
5 37
5 38
5 40
5 41
5 42
5 47
5 50
5 58
6 7
6 8
6 9
6 10
6 12
6 15
6 16
6 17
6 22
6 23
6 27
6 29
6 31
6 32
6 33
6 34
6 36
6 37
6 38
6 39
6 40
6 42
6 43
6 46
6 48
6 49
6 50
6 52
6 53
6 54
6 55
6 56
6 58
6 59
7 8
7 9
7 10
7 12
7 17
7 18
7 20
7 22
7 23
7 24
7 25
7 27
7 29
7 32
7 33
7 36
7 41
7 42
7 45
7 46
7 47
7 49
7 51
7 55
7 56
7 57
7 59
8 10
8 11
8 12
8 13
8 14
8 15
8 19
8 22
8 24
8 25
8 26
8 28
8 29
8 34
8 36
8 38
8 42
8 43
8 45
8 46
8 50
8 52
8 53
8 56
8 57
8 59
9 10
9 16
9 19
9 20
9 22
9 24
9 26
9 27
9 28
9 30
9 31
9 34
9 39
9 45
9 46
9 47
9 48
9 50
9 52
9 53
9 54
9 55
9 57
9 59
10 12
10 13
10 14
10 17
10 18
10 21
10 22
10 24
10 26
10 27
10 29
10 30
10 33
10 34
10 35
10 37
10 39
10 40
10 42
10 46
10 47
10 48
10 50
10 51
10 53
10 56
10 57
10 59
11 13
11 14
11 15
11 16
11 21
11 24
11 27
11 28
11 29
11 31
11 32
11 33
11 36
11 37
11 39
11 40
11 41
11 44
11 45
11 46
11 48
11 49
11 54
11 55
11 56
11 57
11 58
12 15
12 18
12 22
12 25
12 26
12 27
12 28
12 30
12 31
12 32
12 33
12 34
12 35
12 37
12 38
12 39
12 41
12 43
12 49
12 52
12 55
12 56
12 59
13 20
13 24
13 26
13 28
13 29
13 32
13 34
13 35
13 37
13 38
13 39
13 45
13 46
13 52
13 53
13 54
13 56
13 57
13 58
14 19
14 20
14 24
14 27
14 29
14 30
14 33
14 34
14 36
14 37
14 39
14 40
14 45
14 46
14 50
14 51
14 56
14 58
14 59
15 17
15 25
15 26
15 30
15 31
15 32
15 35
15 36
15 38
15 39
15 43
15 44
15 46
15 47
15 48
15 49
15 50
15 51
15 55
15 57
15 58
16 17
16 18
16 19
16 20
16 21
16 23
16 26
16 29
16 31
16 32
16 37
16 38
16 40
16 41
16 44
16 46
16 47
16 50
16 51
16 52
16 53
16 54
16 55
17 18
17 19
17 21
17 24
17 26
17 27
17 30
17 32
17 40
17 42
17 44
17 48
17 49
17 51
17 52
17 53
17 55
17 57
17 58
18 20
18 23
18 24
18 26
18 28
18 30
18 32
18 34
18 36
18 39
18 41
18 42
18 43
18 45
18 46
18 47
18 48
18 49
18 50
18 51
18 53
18 54
18 57
19 20
19 22
19 23
19 24
19 25
19 27
19 33
19 35
19 36
19 37
19 42
19 44
19 45
19 46
19 47
19 49
19 52
19 55
19 56
19 57
20 21
20 27
20 28
20 30
20 32
20 33
20 34
20 46
20 47
20 49
20 50
20 51
20 54
20 56
20 57
20 59
21 24
21 30
21 31
21 33
21 35
21 36
21 37
21 39
21 42
21 45
21 48
21 49
21 52
21 53
21 55
21 58
22 26
22 27
22 28
22 30
22 32
22 34
22 35
22 37
22 42
22 44
22 45
22 46
22 47
22 49
22 54
22 56
22 57
22 58
22 59
23 24
23 29
23 31
23 32
23 33
23 34
23 35
23 36
23 40
23 41
23 47
23 48
23 52
23 56
23 57
24 25
24 30
24 31
24 35
24 37
24 38
24 39
24 40
24 45
24 46
24 48
24 49
24 50
24 53
24 54
25 27
25 32
25 35
25 36
25 37
25 39
25 40
25 44
25 45
25 46
25 47
25 57
26 28
26 30
26 31
26 32
26 33
26 35
26 37
26 39
26 40
26 41
26 43
26 44
26 46
26 47
26 51
26 54
26 55
26 56
26 58
27 28
27 29
27 32
27 35
27 36
27 38
27 42
27 43
27 44
27 46
27 50
27 56
27 58
28 31
28 33
28 35
28 39
28 40
28 42
28 45
28 49
28 50
28 53
28 55
28 57
28 58
29 30
29 32
29 33
29 34
29 35
29 36
29 39
29 40
29 42
29 48
29 49
29 50
29 51
29 52
29 53
29 54
29 56
29 58
30 31
30 35
30 37
30 40
30 41
30 43
30 44
30 45
30 50
30 57
30 58
31 32
31 33
31 34
31 37
31 38
31 41
31 43
31 44
31 46
31 48
31 49
31 50
31 51
31 52
31 54
31 55
31 57
31 59
32 33
32 35
32 36
32 39
32 40
32 41
32 42
32 43
32 45
32 46
32 47
32 49
32 50
32 52
32 54
32 55
32 56
32 58
33 34
33 35
33 40
33 43
33 44
33 45
33 46
33 50
33 51
33 54
33 55
33 59
34 35
34 36
34 39
34 40
34 41
34 42
34 43
34 45
34 46
34 47
34 50
34 52
34 54
34 55
34 56
35 38
35 39
35 40
35 43
35 44
35 48
35 50
35 51
35 52
35 55
35 56
35 57
35 58
35 59
36 37
36 38
36 39
36 43
36 44
36 46
36 47
36 48
36 50
36 52
36 56
36 57
36 58
37 38
37 41
37 42
37 44
37 47
37 49
37 50
37 52
37 53
37 55
37 56
37 57
37 59
38 39
38 41
38 46
38 50
38 51
38 52
38 53
38 55
38 56
38 57
39 41
39 44
39 46
39 47
39 50
39 51
39 55
39 56
39 57
39 58
39 59
40 41
40 42
40 44
40 51
40 52
40 53
40 54
40 56
40 57
40 58
40 59
41 45
41 46
41 51
41 53
41 54
41 55
41 56
41 57
42 44
42 45
42 46
42 47
42 48
42 49
42 52
42 53
42 56
42 59
43 44
43 46
43 48
43 49
43 50
43 52
43 53
43 56
43 58
43 59
44 45
44 46
44 47
44 54
44 55
44 58
45 48
45 49
45 52
45 53
45 56
45 57
45 58
46 49
46 50
46 51
46 52
46 54
46 56
47 49
47 50
47 51
47 52
47 53
47 56
47 57
47 59
48 52
49 53
49 54
49 55
49 57
49 59
50 52
50 53
50 54
50 56
50 57
50 58
51 52
51 55
51 56
51 58
52 53
52 54
52 57
52 58
53 54
53 56
53 57
53 58
53 59
54 55
54 58
55 57
55 59
56 57
56 59
58 59
