60
0 1
0 2
0 3
0 6
0 7
0 8
0 11
0 13
0 15
0 16
0 17
0 22
0 26
0 28
0 32
0 35
0 36
0 37
0 38
0 39
0 40
0 41
0 42
0 43
0 46
0 47
0 48
0 49
0 52
0 56
0 57
0 58
0 59
1 2
1 3
1 4
1 5
1 6
1 8
1 9
1 10
1 11
1 13
1 15
1 17
1 21
1 28
1 31
1 32
1 34
1 35
1 36
1 37
1 38
1 41
1 42
1 43
1 44
1 48
1 49
1 50
1 53
1 55
1 57
1 58
2 3
2 4
2 8
2 13
2 14
2 15
2 16
2 18
2 19
2 20
2 24
2 29
2 31
2 32
2 33
2 34
2 35
2 37
2 39
2 40
2 41
2 45
2 46
2 47
2 49
2 50
2 51
2 53
2 54
2 59
3 6
3 8
3 13
3 14
3 15
3 16
3 19
3 24
3 25
3 26
3 30
3 34
3 36
3 39
3 40
3 41
3 42
3 44
3 45
3 46
3 55
3 58
4 7
4 8
4 13
4 14
4 16
4 20
4 22
4 23
4 24
4 25
4 26
4 27
4 28
4 29
4 35
4 36
4 39
4 41
4 43
4 44
4 45
4 47
4 48
4 51
4 52
4 53
4 54
4 56
4 57
4 58
4 59
5 6
5 12
5 17
5 18
5 22
5 23
5 25
5 26
5 28
5 30
5 32
5 35
5 36
5 37
5 38
5 39
5 40
5 41
5 42
5 45
5 46
5 49
5 53
5 54
5 55
5 56
6 8
6 10
6 11
6 13
6 14
6 16
6 17
6 21
6 23
6 24
6 26
6 30
6 34
6 35
6 37
6 40
6 41
6 42
6 44
6 45
6 46
6 47
6 50
6 51
6 54
6 55
6 58
7 8
7 10
7 11
7 14
7 15
7 16
7 18
7 20
7 22
7 25
7 26
7 27
7 30
7 33
7 36
7 38
7 39
7 41
7 43
7 44
7 47
7 48
7 51
7 52
7 55
8 10
8 11
8 13
8 14
8 15
8 16
8 19
8 21
8 25
8 28
8 34
8 41
8 42
8 43
8 45
8 46
8 47
8 49
8 54
8 55
8 57
8 59
9 10
9 12
9 13
9 15
9 20
9 23
9 26
9 30
9 31
9 32
9 36
9 38
9 39
9 41
9 42
9 43
9 49
9 50
9 51
9 52
9 54
9 57
9 58
9 59
10 12
10 15
10 16
10 17
10 18
10 19
10 21
10 22
10 23
10 25
10 26
10 27
10 28
10 29
10 30
10 37
10 38
10 39
10 43
10 44
10 47
10 55
10 57
10 58
11 13
11 14
11 15
11 16
11 20
11 21
11 26
11 28
11 31
11 33
11 34
11 36
11 38
11 39
11 41
11 43
11 46
11 47
11 50
11 52
11 53
11 54
11 56
11 58
12 15
12 16
12 17
12 18
12 23
12 27
12 30
12 37
12 41
12 43
12 47
12 49
12 51
12 53
12 54
12 55
12 59
13 14
13 15
13 16
13 19
13 22
13 23
13 24
13 25
13 26
13 27
13 28
13 29
13 36
13 39
13 40
13 46
13 47
13 49
13 51
13 52
13 53
13 54
13 55
13 59
14 15
14 16
14 17
14 18
14 19
14 20
14 22
14 25
14 26
14 28
14 31
14 33
14 37
14 41
14 44
14 45
14 48
14 49
14 51
14 52
14 53
14 54
14 57
14 58
14 59
15 16
15 19
15 22
15 23
15 26
15 36
15 37
15 38
15 39
15 41
15 44
15 46
15 47
15 48
15 51
15 53
15 54
15 55
15 56
15 58
16 18
16 25
16 28
16 29
16 30
16 32
16 33
16 35
16 38
16 39
16 41
16 44
16 45
16 46
16 47
16 48
16 49
16 50
16 51
16 53
16 56
17 21
17 25
17 26
17 27
17 28
17 29
17 30
17 31
17 34
17 35
17 37
17 38
17 42
17 43
17 44
17 46
17 47
17 49
17 50
17 53
17 56
17 59
18 19
18 21
18 22
18 23
18 25
18 27
18 30
18 32
18 36
18 39
18 40
18 41
18 42
18 43
18 44
18 45
18 46
18 47
18 49
18 50
18 53
18 54
18 56
18 58
18 59
19 21
19 22
19 27
19 31
19 32
19 33
19 34
19 38
19 39
19 41
19 43
19 44
19 47
19 48
19 50
19 51
19 53
19 54
19 55
19 56
19 57
19 58
20 25
20 29
20 30
20 32
20 34
20 35
20 38
20 42
20 45
20 46
20 47
20 51
20 52
20 53
20 55
20 59
21 23
21 24
21 25
21 26
21 29
21 31
21 33
21 34
21 35
21 36
21 37
21 39
21 41
21 42
21 43
21 45
21 46
21 47
21 49
21 50
21 52
21 54
21 55
21 57
21 58
22 24
22 30
22 32
22 33
22 35
22 38
22 39
22 41
22 42
22 45
22 47
22 48
22 49
22 50
22 52
22 54
22 56
22 57
22 58
23 24
23 25
23 27
23 28
23 30
23 33
23 34
23 36
23 38
23 39
23 41
23 42
23 45
23 46
23 47
23 49
23 54
23 55
23 57
24 25
24 26
24 28
24 30
24 32
24 33
24 35
24 38
24 39
24 42
24 44
24 45
24 48
24 49
24 50
24 51
24 52
24 54
25 27
25 28
25 29
25 33
25 35
25 37
25 38
25 39
25 40
25 42
25 43
25 46
25 47
25 50
25 56
25 58
25 59
26 29
26 30
26 34
26 38
26 39
26 40
26 41
26 42
26 43
26 44
26 46
26 47
26 48
26 49
26 50
26 53
26 55
26 56
26 58
26 59
27 28
27 29
27 31
27 33
27 35
27 37
27 41
27 44
27 45
27 47
27 48
27 49
27 56
27 58
27 59
28 33
28 35
28 36
28 37
28 38
28 39
28 41
28 43
28 44
28 45
28 51
28 54
28 55
28 56
28 57
28 59
29 31
29 32
29 33
29 34
29 35
29 37
29 38
29 40
29 41
29 44
29 46
29 48
29 49
29 51
29 56
29 57
30 33
30 37
30 38
30 39
30 41
30 43
30 44
30 45
30 51
30 52
30 55
30 56
30 57
31 32
31 36
31 37
31 39
31 40
31 42
31 43
31 44
31 45
31 51
32 33
32 35
32 37
32 38
32 39
32 40
32 44
32 45
32 47
32 48
32 49
32 50
32 51
32 55
32 56
32 59
33 35
33 36
33 37
33 40
33 42
33 46
33 47
33 49
33 50
33 51
33 54
33 56
33 58
34 36
34 38
34 39
34 40
34 41
34 42
34 43
34 45
34 46
34 49
34 51
34 52
34 56
34 57
34 58
34 59
35 36
35 38
35 39
35 40
35 41
35 43
35 45
35 47
35 48
35 51
35 54
35 56
35 57
36 38
36 41
36 42
36 47
36 48
36 51
36 53
36 55
36 58
37 38
37 39
37 40
37 43
37 45
37 46
37 48
37 51
37 53
37 55
37 56
37 59
38 40
38 42
38 43
38 45
38 46
38 47
38 52
38 53
38 55
38 58
38 59
39 40
39 47
39 50
39 54
39 56
39 58
39 59
40 41
40 43
40 45
40 49
40 51
40 52
40 56
40 58
40 59
41 43
41 44
41 45
41 47
41 49
41 50
41 51
41 54
41 55
41 56
42 43
42 44
42 45
42 46
42 47
42 48
42 49
42 54
42 55
42 57
42 58
43 44
43 46
43 48
43 49
43 51
43 53
43 54
43 55
43 56
44 47
44 49
44 51
44 52
44 55
44 56
44 59
45 47
45 49
45 53
45 55
45 57
45 58
46 48
46 50
46 51
46 53
46 54
46 56
46 57
46 58
47 49
47 58
47 59
48 50
48 51
48 52
48 55
48 56
49 50
49 52
49 53
49 54
49 55
49 58
49 59
50 51
50 52
50 53
50 54
50 56
50 58
51 52
51 54
51 55
51 56
51 59
52 53
52 55
52 58
52 59
53 54
53 55
53 56
54 55
54 57
55 56
55 57
55 59
56 58
56 59
57 58
57 59
58 59
