60
0 4
0 5
0 6
0 9
0 11
0 12
0 15
0 16
0 17
0 20
0 22
0 24
0 25
0 27
0 28
0 29
0 30
0 31
0 32
0 34
0 39
0 40
0 41
0 48
0 49
0 50
0 51
0 52
0 53
0 55
0 56
1 5
1 7
1 8
1 9
1 10
1 12
1 13
1 14
1 17
1 18
1 19
1 20
1 25
1 27
1 31
1 32
1 34
1 35
1 38
1 41
1 51
1 53
1 54
1 56
1 58
1 59
2 5
2 9
2 12
2 18
2 19
2 21
2 22
2 25
2 29
2 30
2 32
2 33
2 34
2 37
2 38
2 39
2 40
2 42
2 44
2 46
2 47
2 48
2 49
2 50
2 52
2 54
2 58
3 6
3 8
3 12
3 13
3 15
3 17
3 19
3 23
3 25
3 28
3 30
3 31
3 32
3 34
3 35
3 36
3 38
3 41
3 42
3 46
3 47
3 49
3 55
3 57
4 6
4 8
4 12
4 13
4 15
4 16
4 18
4 22
4 23
4 27
4 30
4 31
4 33
4 40
4 42
4 44
4 48
4 53
4 54
4 55
5 7
5 8
5 9
5 11
5 13
5 15
5 16
5 17
5 18
5 20
5 23
5 26
5 27
5 28
5 32
5 34
5 38
5 40
5 41
5 42
5 46
5 47
5 50
5 51
5 52
5 54
5 57
5 58
6 7
6 12
6 13
6 15
6 16
6 17
6 18
6 24
6 28
6 30
6 32
6 36
6 38
6 39
6 40
6 41
6 42
6 45
6 47
6 49
6 50
6 54
6 55
6 58
6 59
7 10
7 11
7 13
7 15
7 16
7 18
7 22
7 23
7 28
7 30
7 31
7 33
7 34
7 36
7 39
7 40
7 42
7 43
7 44
7 45
7 47
7 48
7 50
7 51
7 54
7 58
8 12
8 14
8 15
8 17
8 18
8 20
8 22
8 29
8 30
8 31
8 33
8 34
8 35
8 36
8 39
8 42
8 45
8 46
8 47
8 52
8 53
8 54
8 55
8 56
8 59
9 10
9 11
9 12
9 15
9 16
9 17
9 21
9 22
9 23
9 28
9 29
9 30
9 33
9 36
9 42
9 43
9 46
9 48
9 49
9 52
9 55
10 12
10 13
10 16
10 17
10 22
10 23
10 25
10 26
10 27
10 28
10 32
10 33
10 35
10 36
10 37
10 38
10 39
10 42
10 44
10 45
10 46
10 47
10 48
10 49
10 51
10 53
10 55
10 57
10 59
11 12
11 15
11 19
11 20
11 21
11 22
11 23
11 24
11 25
11 27
11 30
11 32
11 34
11 37
11 38
11 39
11 40
11 43
11 45
11 46
11 48
11 49
11 50
11 52
11 53
11 55
11 57
11 58
11 59
12 13
12 15
12 17
12 18
12 20
12 22
12 23
12 26
12 27
12 28
12 30
12 32
12 33
12 36
12 37
12 39
12 42
12 43
12 45
12 51
12 53
12 54
12 56
12 57
12 58
12 59
13 16
13 17
13 19
13 20
13 21
13 23
13 24
13 25
13 28
13 29
13 30
13 31
13 33
13 34
13 35
13 36
13 37
13 38
13 41
13 45
13 47
13 50
13 52
13 56
13 57
13 59
14 15
14 18
14 19
14 20
14 25
14 28
14 33
14 35
14 36
14 40
14 41
14 44
14 45
14 46
14 47
14 48
14 49
14 50
14 53
14 54
14 55
14 58
14 59
15 16
15 18
15 19
15 20
15 21
15 26
15 27
15 31
15 32
15 33
15 34
15 36
15 37
15 38
15 40
15 43
15 45
15 49
15 50
15 52
15 55
15 56
15 58
15 59
16 19
16 24
16 25
16 26
16 27
16 30
16 32
16 34
16 35
16 36
16 38
16 39
16 40
16 44
16 46
16 47
16 51
16 52
16 53
16 56
16 57
16 58
16 59
17 18
17 19
17 20
17 23
17 27
17 28
17 30
17 34
17 36
17 37
17 38
17 39
17 40
17 42
17 44
17 49
17 50
17 53
17 57
18 19
18 21
18 23
18 25
18 26
18 27
18 28
18 32
18 35
18 37
18 43
18 44
18 45
18 46
18 48
18 49
18 53
18 54
18 55
18 58
19 22
19 23
19 24
19 25
19 26
19 27
19 33
19 35
19 37
19 40
19 41
19 43
19 45
19 46
19 48
19 49
19 50
19 52
19 54
19 57
19 58
19 59
20 21
20 22
20 23
20 25
20 26
20 27
20 29
20 30
20 33
20 34
20 35
20 36
20 37
20 41
20 42
20 45
20 46
20 47
20 50
20 52
20 53
20 54
20 57
20 58
21 22
21 27
21 29
21 32
21 33
21 35
21 36
21 38
21 39
21 44
21 53
21 54
21 55
21 57
22 23
22 24
22 25
22 28
22 30
22 32
22 33
22 34
22 36
22 38
22 39
22 42
22 44
22 45
22 47
22 50
22 52
22 54
22 58
22 59
23 27
23 28
23 29
23 32
23 33
23 34
23 36
23 37
23 40
23 41
23 43
23 44
23 45
23 47
23 48
23 49
23 54
23 55
23 56
23 57
23 58
23 59
24 25
24 26
24 27
24 28
24 29
24 30
24 32
24 33
24 34
24 35
24 39
24 41
24 42
24 43
24 44
24 45
24 48
24 50
24 53
24 54
24 55
24 56
24 57
24 58
24 59
25 27
25 33
25 35
25 36
25 37
25 38
25 39
25 40
25 41
25 42
25 47
25 48
25 50
25 53
25 54
25 55
25 56
25 59
26 28
26 29
26 31
26 32
26 33
26 34
26 35
26 36
26 37
26 39
26 40
26 41
26 42
26 47
26 48
26 49
26 50
26 52
26 54
26 59
27 28
27 29
27 30
27 32
27 34
27 36
27 38
27 39
27 42
27 43
27 44
27 46
27 48
27 55
27 59
28 29
28 30
28 31
28 32
28 33
28 39
28 40
28 41
28 46
28 47
28 48
28 49
28 51
28 53
28 56
28 58
28 59
29 31
29 33
29 35
29 37
29 38
29 40
29 43
29 45
29 47
29 48
29 57
29 58
29 59
30 31
30 32
30 36
30 37
30 38
30 40
30 41
30 42
30 43
30 44
30 48
30 49
30 52
30 55
30 57
30 58
30 59
31 34
31 38
31 42
31 43
31 44
31 45
31 46
31 49
31 50
31 54
31 55
31 56
31 57
31 58
32 33
32 34
32 37
32 39
32 41
32 42
32 44
32 45
32 46
32 50
32 54
32 56
32 57
33 35
33 36
33 38
33 42
33 43
33 44
33 45
33 46
33 49
33 50
33 56
33 57
34 36
34 44
34 46
34 49
34 50
34 53
34 56
34 57
34 59
35 36
35 37
35 38
35 41
35 42
35 43
35 44
35 47
35 49
35 51
35 53
35 58
36 38
36 39
36 42
36 44
36 45
36 46
36 52
36 53
36 54
36 55
36 56
37 38
37 39
37 40
37 41
37 43
37 44
37 45
37 49
37 50
37 52
37 54
37 56
37 59
38 39
38 42
38 43
38 44
38 45
38 47
38 48
38 49
38 50
38 52
38 53
38 55
38 59
39 41
39 43
39 44
39 45
39 46
39 49
39 50
39 53
39 54
39 56
39 59
40 43
40 44
40 45
40 47
40 49
40 51
40 53
40 55
40 57
40 58
40 59
41 46
41 47
41 48
41 49
41 50
41 55
42 43
42 44
42 47
42 50
42 51
42 52
42 54
42 58
42 59
43 47
43 48
43 49
43 51
43 53
43 56
43 57
44 45
44 46
44 47
44 48
44 50
44 53
44 56
45 51
45 52
45 53
45 55
45 59
46 47
46 49
46 50
46 53
46 56
46 58
46 59
47 48
47 49
47 52
47 56
47 57
47 58
47 59
48 50
48 51
48 52
48 53
48 54
48 58
49 50
49 51
49 52
49 53
49 54
49 55
49 57
50 51
50 52
50 53
50 55
50 56
50 57
50 58
51 53
51 56
51 59
52 56
52 57
53 54
53 55
53 57
54 59
55 57
55 59
56 58
57 58
58 59
